 	allora	questo	anno	che	viene	vengo	nuovamente	qui	e	mangio	molti	pasticciotti	</S>
a18	0.030078543	0.049222577	0.007268491	0.0057390574	0.010420315	0.01275711	0.08984694	0.00495171	0.0044669406	0.034683704	0.018152064	0.042071715	0.69034076
a20	0.08027087	0.0037378208	0.027360145	0.0030717342	0.002504092	0.10113326	0.60785323	0.000103300736	0.007909708	0.09468308	0.071211986	7.128128e-05	8.958479e-05
a31	0.240174	0.00026998928	0.0014531033	0.008067032	0.009626517	0.03758007	0.06992783	0.00010210534	0.012404688	0.18716083	0.43300435	0.00019616455	3.335656e-05
a24	0.2654698	0.034464486	0.0049434663	0.0145841865	0.073964275	0.0651438	0.12483871	0.0006065593	0.015174334	0.33871776	0.053629562	0.0011935014	0.007269563
a31	0.23635986	0.033890504	0.030367114	0.010512558	0.010308215	0.047800273	0.22488715	2.3837838e-05	0.0325044	0.13700013	0.23601007	0.00020331964	0.00013260418
a7	0.09280341	0.21722165	0.03619387	0.041031063	0.03471245	0.14687446	0.3403114	2.8894248e-05	0.008210426	0.030167174	0.029566843	0.01949415	0.003384176
a20	0.123878695	0.044393294	0.015465989	0.096365124	0.063977085	0.17159325	0.2388786	6.223704e-06	0.004562786	0.09237269	0.13867961	0.009716636	0.000110026966
a39	0.10207984	0.062159665	0.03528939	0.1194753	0.11797316	0.07510235	0.06893373	3.1353837e-05	0.023113307	0.22929336	0.16456297	0.0017452014	0.00024040394
a31	0.13124007	0.37754574	0.102167375	0.035883963	0.106807984	0.013946238	0.006569536	0.00014307222	0.0028960274	0.15150897	0.06926872	0.00075120956	0.001271083
a46	0.19706844	0.038925722	0.015469864	0.025887426	0.05466882	0.24175619	0.31612742	3.6737434e-05	0.00045281582	0.047485027	0.04205111	0.018444886	0.0016255736
a31	0.40245926	0.030281985	0.012816459	0.0054334407	0.010018121	0.065709375	0.27969518	5.149108e-05	0.00033748953	0.089451335	0.09125415	0.011301078	0.0011906932
a17	0.12864502	0.02041019	0.010352104	0.00783012	0.014196579	0.26306427	0.32568753	0.0012680936	0.0062701628	0.11283468	0.019122194	0.07090516	0.0194139
a20	0.32153663	0.015425664	0.01317845	0.004293974	0.0045406464	0.08531174	0.42501974	0.0009534045	0.0025083055	0.074031614	0.013138795	0.03393881	0.0061223097
a17	0.42424044	0.011694466	0.010223994	0.004294009	0.0022189752	0.050769046	0.3382804	0.00037729682	0.0022568528	0.037120834	0.040039398	0.076936625	0.0015476191
a31	0.36006212	0.002724757	0.005213372	0.0032097523	0.0010308335	0.045058955	0.45585144	0.0002395602	0.0039995797	0.017548593	0.07758643	0.027251795	0.00022274042
a5	0.32028908	0.031014526	0.012649027	0.0080912085	0.0086567905	0.05118876	0.31082112	0.004338436	0.031990733	0.06160368	0.06270295	0.08625085	0.010402861
a35	0.4440704	0.018179018	0.017037965	0.0065347864	0.005739134	0.058952063	0.35622185	0.0010860484	0.0031257456	0.056253742	0.014737059	0.015055565	0.0030065794
a15	0.48654693	0.025172835	0.018520951	0.013432799	0.00485273	0.04565547	0.30613258	0.0014079257	0.0038767746	0.026168419	0.033962607	0.032974087	0.0012959787
a24	0.6729313	0.036934603	0.024042195	0.0058341026	0.0051357974	0.033666883	0.12706548	0.00023062683	0.0025581205	0.030745538	0.045596797	0.0140551785	0.0012032108
a7	0.37407497	0.009256669	0.014222251	0.013978553	0.0054488243	0.10141319	0.3137507	0.0016199461	0.0076652197	0.0283186	0.099328175	0.03020358	0.00071926776
a31	0.3336147	0.005607861	0.012166107	0.014084481	0.006359899	0.14264053	0.3241115	0.0014828267	0.0054281354	0.035486944	0.084520675	0.033953004	0.0005434006
a11	0.36950606	0.024436453	0.026674325	0.013450737	0.01185512	0.15191393	0.2839547	0.0036195954	0.010525917	0.049637925	0.031467166	0.021484545	0.0014735479
a31	0.23148936	0.07960119	0.067375466	0.024928095	0.022800252	0.1591469	0.21808179	0.008124456	0.024377123	0.058536265	0.045152467	0.05299246	0.007394171
a39	0.08324333	0.13869055	0.10150165	0.076726854	0.06444557	0.11749204	0.17037994	0.059596952	0.034201983	0.019011851	0.04696628	0.06139817	0.026344793
a18	0.10253602	0.086645566	0.05641211	0.030593608	0.018662835	0.072667055	0.10432191	0.015103106	0.049914625	0.033018935	0.16638352	0.21000257	0.05373812
a20	0.1367001	0.14475882	0.09293536	0.03367379	0.038771752	0.18334936	0.22277711	0.011965973	0.020149425	0.043525122	0.038852148	0.025643481	0.006897651
a31	0.121133395	0.13220955	0.085878745	0.039745905	0.028875003	0.11643154	0.14624162	0.018897396	0.05101655	0.036658898	0.08880956	0.10895878	0.025143037
a18	0.043078516	0.1617264	0.15252136	0.079952486	0.05819325	0.14075094	0.164947	0.054288335	0.0248589	0.026341805	0.029819813	0.0402067	0.023314502
a24	0.08444267	0.1270406	0.08959451	0.047011524	0.030105516	0.08880153	0.10588332	0.023845786	0.05274801	0.029694676	0.104261234	0.16901657	0.04755407
a31	0.055092894	0.16807361	0.12679869	0.05328646	0.04443851	0.121885546	0.1405079	0.033776935	0.041085813	0.042794503	0.05566295	0.08160112	0.034995068
a18	0.04236881	0.07410783	0.178972	0.11937555	0.076623045	0.12722352	0.13049516	0.08887632	0.02534918	0.02331724	0.027017431	0.050230686	0.036043223
a31	0.033927843	0.04013576	0.07429231	0.044664044	0.027517246	0.048820414	0.060009487	0.030365307	0.032111146	0.022551425	0.10198422	0.30755037	0.17607048
a17	0.034634862	0.06638687	0.14723235	0.13258933	0.101884544	0.13477367	0.12535527	0.08283677	0.020681342	0.01926287	0.02056287	0.053682115	0.0601171
a8	0.026347417	0.028146358	0.053092454	0.034266315	0.024450995	0.03501695	0.044089466	0.026437273	0.026450638	0.025144046	0.08441552	0.35555992	0.2365826
a28	0.05403666	0.11257053	0.068216816	0.055869486	0.05564849	0.0675428	0.070803955	0.050331112	0.05162709	0.059711456	0.05979819	0.19526942	0.098574
a24	0.05368904	0.24782981	0.08216683	0.04242206	0.057725642	0.11382458	0.13183875	0.030501893	0.034809813	0.0830167	0.03889861	0.050985083	0.032291103
a23	0.057328224	0.2111166	0.085838385	0.047488436	0.053947	0.101215474	0.11662925	0.034628764	0.043422934	0.07026815	0.050818384	0.082202576	0.045095902
a8	0.03773692	0.058635224	0.061325546	0.044307575	0.038973305	0.050047103	0.05445457	0.038139027	0.035654668	0.038626812	0.05237274	0.32899866	0.16072787
a31	0.053223506	0.21825111	0.069616616	0.041630283	0.053345565	0.09616379	0.110942334	0.032656796	0.040046148	0.07643965	0.047423	0.1057951	0.05446613
</S>	0.06571621	0.15247191	0.07933922	0.064256005	0.06937918	0.090201974	0.09684849	0.059629872	0.05934316	0.077788636	0.06042778	0.064944275	0.059653305
