 	noo	abbiamo	deciso	che	oggi	avevamo	andare	alla	spiaggia	con	mio	fratello	però	lui	sapeva	che	faceva	freddo	e	non	è	venuto	ma	ma	lì	che	il	mare	non	mi	piace	quando	fa	freddo	</S>
e	0.68945104	0.30335378555	0.00716725116	1.6111621715e-05	5.84298885e-06	1.24352158e-06	2.4372760065e-06	8.690886785e-07	3.521317925e-07	1.011632104e-07	1.150821206e-07	1.894449035e-07	6.389043967e-08	2.0696669985e-08	9.669860085e-09	1.0361535535e-08	2.8318005255e-07	3.086547815e-08	8.22128285e-09	5.88024016e-09	1.833078059e-08	1.011293515e-08	7.91777665e-09	1.2044581415e-08	2.522213307e-08	9.00800589e-09	1.3787202095e-08	5.60032945e-09	4.23606117e-09	2.347770366e-08	1.6068514765e-08	8.73380115e-09	3.3855411e-09	2.586951185e-09	1.97967788e-09
m	0.371141915667	0.597118828517	0.0312350763867	0.000398786721048	4.28761772833e-05	2.340333808e-05	1.26876502398e-05	1.10895698785e-05	5.12061015917e-06	1.23998108707e-06	8.08923413933e-07	7.86654870167e-07	1.89907853003e-07	1.19957427652e-07	9.01611434183e-08	1.20278710535e-07	4.83463608588e-06	7.15985394817e-07	1.08063687517e-07	5.05122948267e-08	2.4898857859e-07	1.01781071817e-07	5.308748665e-08	7.41666697483e-08	8.07574877367e-08	7.268995389e-08	5.0651749095e-08	6.04863071167e-08	2.333807317e-08	2.24978306993e-07	8.00503204317e-08	3.00801944833e-08	1.08195574333e-08	1.82565205167e-09	8.95356854667e-09
ì	0.150039069889	0.813364542839	0.0359185214622	0.000532513328683	6.24837410944e-05	3.21119476933e-05	1.62424091066e-05	1.45478724928e-05	6.71324215539e-06	1.62904784636e-06	1.04220683431e-06	9.88780624389e-07	2.32583144434e-07	1.53383456284e-07	1.17160387473e-07	1.57394528012e-07	6.35962158263e-06	9.45418723506e-07	1.41720054139e-07	6.60591255756e-08	3.26691109663e-07	1.32307712706e-07	6.83706746167e-08	9.51634352494e-08	9.92584287256e-08	9.44774368967e-08	6.32257495317e-08	7.86957296389e-08	3.01860718567e-08	2.94750047331e-07	1.03744339477e-07	3.71275104944e-08	1.35032090244e-08	1.55944493689e-09	1.11974988856e-08
d	0.069787280963	0.63855708428	0.239363739821	0.0148454084979	0.011224635119	0.00274555856623	0.00683842195473	0.0032888552317	0.00812123654482	0.000465776445466	0.000386991479241	0.000358309311609	8.63993479416e-05	0.000168205077732	0.000147314843355	0.000156005353584	4.67655907482e-05	0.000431171807433	0.00011065614901	1.29160954825e-05	0.000114257718553	0.000776693361883	5.93376640806e-05	4.15385281637e-05	0.000594733830152	6.24793109279e-05	2.79927554697e-05	0.000778185289497	9.95506697475e-06	2.46241302774e-05	7.70461290583e-06	0.000288096584606	2.93100414819e-05	2.4599214293e-05	1.77851855077e-05
e	0.0317575341877	0.572129718093	0.326013247274	0.0199086306993	0.0151889956397	0.00371037821874	0.00911694904424	0.00438191231323	0.0108262419738	0.000620668116855	0.000515667087567	0.00047744339636	0.000115129198403	0.000224227338858	0.00019638421835	0.0002079610647	6.03007776994e-05	0.000574597102148	0.000147499641725	1.72050113735e-05	0.000152242323102	0.00103554976294	7.90969779724e-05	5.53563974356e-05	0.000792947728582	8.32795882193e-05	3.73057730426e-05	0.00103755705431	1.32667321386e-05	3.27509688378e-05	1.02566828153e-05	0.000384120978819	3.9080137482e-05	3.27986048695e-05	2.37120762212e-05
c	0.0130934594959	0.643811579364	0.261511749758	0.0462095130998	0.00979732081323	0.00382940876958	0.00669625374075	0.00471906167374	0.00506383045009	0.000773515907318	0.000358483423676	0.000526166757943	8.1013088557e-05	0.0001133315959	9.67583733487e-05	0.000131287538406	0.000758391046683	0.000420958920386	9.87335226303e-05	4.06063033372e-05	0.000146525554618	0.000396201063293	4.70662059363e-05	4.26440038595e-05	0.000291931164725	6.32017389831e-05	2.93248965669e-05	0.000395985639247	2.07854798599e-05	0.000224140331691	3.33334181184e-05	0.000133898935557	1.93872391487e-05	1.18719358283e-05	1.23151307924e-05
i	0.00645588837863	0.677494113121	0.227068971919	0.0579872403666	0.00823580810441	0.00408453122319	0.00596884915692	0.00485595685458	0.00314451863036	0.000825466766839	0.000306312361125	0.000542530563831	6.97086029657e-05	7.63798701917e-05	6.35586615762e-05	0.000105733730123	0.000992008153028	0.00036975992911	8.24825916234e-05	4.84112891444e-05	0.000144633366246	0.000183085191221	3.63934826711e-05	3.84115164692e-05	0.000124928468976	5.65131425677e-05	2.66682678246e-05	0.000182127253539	2.3297354801e-05	0.00028795479228	4.10465010928e-05	5.05086306243e-05	1.28216276634e-05	4.89632604185e-06	8.5179120748e-06
d	0.00312418333954	0.557934027707	0.27248241264	0.117587222789	0.0162653852015	0.00601681870773	0.012050773629	0.00678498291486	0.00324025169045	0.000909852453346	0.000368547620275	0.00084323003246	9.67668177686e-05	7.59427016222e-05	5.18121493187e-05	0.000102046610696	0.000697216055143	0.000318967045352	6.32784579545e-05	3.60692210801e-05	0.000110228180122	0.000119932807197	2.94315525827e-05	3.75985840057e-05	9.20608437263e-05	5.26886387626e-05	3.39520905772e-05	0.00014049418497	1.80381087813e-05	0.00021093384581	3.64839600843e-05	2.45662543134e-05	1.79897975016e-05	9.5719736797e-06	1.62644728356e-05
è	0.00589943101318	0.460983879236	0.319063594213	0.15182194293	0.0248261080672	0.00775772600258	0.0144589483097	0.00744826128829	0.00327752657115	0.000941639496449	0.000390297001758	0.000945713238487	0.000106181819356	7.58972059074e-05	4.79279557362e-05	0.000100899109865	0.000601261330048	0.000302212505234	5.69240621982e-05	3.20408514267e-05	9.88777392607e-05	9.8908096029e-05	2.71469234409e-05	3.73709798219e-05	8.11481952188e-05	5.14975176609e-05	3.64342572024e-05	0.000126646077101	1.63758528038e-05	0.000186087716937	3.53724644614e-05	1.59490236678e-05	1.97439947239e-05	1.11320099301e-05	1.88622471919e-05
t	0.00615424661439	0.467242093079	0.416944021404	0.0745717169767	0.0169500760224	0.00420755802086	0.00653971770323	0.00291246691276	0.00259597166472	0.000357214677483	0.000169152522253	0.000343705718829	4.24901642187e-05	4.08604896691e-05	2.62663068754e-05	4.34824869217e-05	0.000207003823849	0.000144269448528	2.62671202794e-05	1.10332587089e-05	4.12866623069e-05	8.06053656397e-05	1.34704713936e-05	1.5392300094e-05	6.62846290496e-05	2.0851472627e-05	1.36756865441e-05	9.98038144783e-05	5.9795132446e-06	6.36007528123e-05	1.25528661205e-05	1.32261914526e-05	8.06946479797e-06	5.9144153469e-06	9.6315349773e-06
s	0.0029342623148	0.213886348693	0.545663507135	0.176370339659	0.0190578563408	0.00666670926029	0.0154866914011	0.00747500247092	0.00591101868824	0.00134904442583	0.000657095447418	0.00163914908461	0.000213909192406	0.00013103252889	7.52396629585e-05	0.000131352039641	0.00076604414345	0.000367401296176	6.64826900931e-05	2.64506167363e-05	0.000148145634102	0.000157155788547	4.54209224645e-05	5.88338583647e-05	0.000139215703017	7.01217895423e-05	5.36331459814e-05	0.000183840974826	1.47511225149e-05	0.000143594476437	4.41844309068e-05	2.49258051509e-05	1.38014539327e-05	7.31371211563e-06	2.01332936591e-05
a	0.00580156893827	0.0848606548977	0.417660785712	0.336328666553	0.0811155207803	0.0281423490868	0.0222014806337	0.00972035549031	0.00573741767608	0.00176692437528	0.000826263079139	0.00210308558154	0.000284882195469	0.000154285342963	8.68289606528e-05	0.00015605250088	0.00123310744782	0.000413582048725	7.7963837031e-05	3.77759315788e-05	0.000189138145701	0.000138910896849	5.68681958215e-05	7.62948997882e-05	0.000128978940339	8.81298798474e-05	6.97626689938e-05	0.000156490804509	2.18261838383e-05	0.000231911378812	6.75518923023e-05	2.34377440503e-05	1.48304007109e-05	5.61594697688e-06	2.06947539864e-05
m	0.00670787977942	0.0329452455492	0.283125618571	0.450445542184	0.10999969226	0.0400940563623	0.0342981880446	0.0183985091634	0.00805440733869	0.00278156439176	0.00118186742305	0.00293594088051	0.000361924663156	0.000214131874321	0.000144713026551	0.000264996521293	0.00421703638261	0.000741648776242	0.000165064119344	0.000129086986526	0.000385827059567	0.00020129350295	9.99167602738e-05	0.000124624146929	0.000162535029446	0.000151173823282	0.000103805166665	0.00023156444107	7.97284209461e-05	0.000973790932937	0.000160271787434	3.40070726834e-05	3.18987083036e-05	1.1465408264e-05	4.09894394288e-05
o	0.0237057647265	0.0142639650997	0.144117176524	0.604181747395	0.08452283142	0.0390200087874	0.0422439800149	0.0213212274878	0.00872620866623	0.00303722119725	0.00127259850535	0.0031663985355	0.000373392679719	0.00022650050354	0.00015924001675	0.000296598308431	0.00500991372754	0.000837049791481	0.000189210417448	0.000153606579042	0.000439216528189	0.000218434007607	0.000109529794458	0.000135339933643	0.000169392719182	0.000167383720694	0.000111175568872	0.00025448040993	9.49445531487e-05	0.00116287862631	0.000179127181945	3.55410720278e-05	3.70733573545e-05	1.33854953363e-05	4.74587909596e-05
k	0.0287601976955	0.0077608301199	0.0746611008413	0.665747482465	0.0878001458067	0.0393004405958	0.050298879005	0.0217852669293	0.00896945110874	0.00277812286575	0.00120417796612	0.00295748408717	0.00037146948524	0.000249129446613	0.000160676796817	0.000321421504144	0.00269577520918	0.000879301263227	0.000185791890149	0.000118290426547	0.00032869546773	0.000286171052492	9.82934125193e-05	0.000133338842548	0.000254216305761	0.000172634109831	0.000132166202941	0.000404214152883	6.89481205496e-05	0.00068805809077	0.000140155286782	4.68273701426e-05	8.01388903715e-05	6.01211376938e-05	0.000100545092803
a	0.0293642446852	0.00514816845997	0.0500970312804	0.640301494155	0.133631548602	0.0437703128653	0.0528024696683	0.0218193730431	0.00906775212625	0.00272313284525	0.00119150260204	0.00291705426239	0.000375995948413	0.000258513406204	0.000161899169939	0.000330790717481	0.00190216437306	0.000895777773409	0.000185250065916	0.000106932301049	0.00029386476391	0.000309331594031	9.52688453731e-05	0.000133653462049	0.000283398527487	0.000175376968944	0.00014009883718	0.000454472804128	6.05185703165e-05	0.000534408511923	0.000128753352261	5.07786572142e-05	9.46245945472e-05	7.57181245479e-05	0.000118306581901
s	0.0294634621317	0.00425445779766	0.0253460104268	0.602934098052	0.161581749534	0.0520011569551	0.0619458632228	0.0284052757477	0.0110521984654	0.00438810960508	0.00219107958068	0.00605497885413	0.000795707336138	0.000433666026068	0.000288006044313	0.000509767221927	0.00301969719435	0.0010560343768	0.000258416251172	0.000140325385883	0.000604647862637	0.00035921355121	0.000188911346324	0.000247037301883	0.000335092868062	0.000287771341981	0.000234338971927	0.000446230501209	8.79932469055e-05	0.000564305752308	0.000203661820754	7.18541995714e-05	8.21164826057e-05	5.0076750166e-05	0.0001166983216
ì	0.0104553709472	0.00143507375622	0.0117471308023	0.420013186017	0.290549219845	0.103727179985	0.0803910210743	0.0363251649159	0.0146319134885	0.00586676200169	0.00310854622689	0.00806572578471	0.00119277076205	0.000620475308689	0.000399808178104	0.000632330357309	0.00402944813145	0.00127278260893	0.000327418433724	0.000169534411294	0.000853808354212	0.00046049231707	0.000279314805441	0.000348582067294	0.000481830549354	0.000378859833994	0.000314502103976	0.000483157570403	0.000109469383302	0.000680916097436	0.000275417083585	0.00013117281319	8.17287985352e-05	4.21028428887e-05	0.000117755575
m	0.0041168673794	0.000497589084407	0.00898599192743	0.216063655339	0.328555839948	0.110592282995	0.0880420170248	0.0334804673053	0.115095845163	0.0055766391339	0.00470106577563	0.00535168302824	0.00153048420402	0.00329720123623	0.00198097468937	0.0015258073691	0.00242875114382	0.00782229171964	0.00166751669457	0.000139313083098	0.00131704898474	0.0138510032624	0.00110546501848	0.000824302955765	0.0169083858765	0.000853450121331	0.000550965047992	0.0159132959268	0.000152612392101	0.000484277035812	0.000229679501195	0.00367204667773	0.000582744543845	0.00120253814046	0.0008998609228
m	0.00140819159813	0.000184219495136	0.00800850084248	0.16330660178	0.192276746649	0.063568341665	0.154613692342	0.0790707791018	0.170066936388	0.0141338060446	0.00961285442521	0.0167704882761	0.00371085570134	0.00552040484541	0.00313384026312	0.00289251285637	0.00698946621461	0.0130826642399	0.00278537383152	0.000462447357699	0.00252188582825	0.0195539322541	0.00188204883949	0.00179132511859	0.0242823461255	0.00182256794044	0.00163411748266	0.0224805105089	0.0003436791107	0.0014485418686	0.0010393794904	0.00514125982591	0.00112881858128	0.00187849365682	0.00145232837427
e	0.00437283560738	0.000132983882379	0.00272110232749	0.109532864593	0.182346708883	0.150233364888	0.228409670781	0.106513663034	0.0884939494627	0.0178461400149	0.00981454777507	0.020934632592	0.00440542933378	0.00361427453847	0.00192309910104	0.00225526355212	0.0115527437382	0.00802179164663	0.00176522170051	0.0005859894859	0.00234163877608	0.00797426819803	0.00132025211316	0.0016368195062	0.0102982759618	0.00161055096015	0.00173282602755	0.00903879210963	0.000357644220233	0.00222855762287	0.00138606933013	0.00212321789864	0.000770682713093	0.000916769293607	0.00078732608709
r	0.00533110544613	0.000105520764126	0.000936111984497	0.0998886121977	0.180654046294	0.182133618296	0.261940396927	0.115718984345	0.0623198911542	0.0166672316716	0.00833831672502	0.017760662364	0.00332427884459	0.00219218583616	0.00127700434701	0.00189936021737	0.0093684069794	0.00524340111554	0.00113420175684	0.0004341929453	0.00179827575869	0.00359385901268	0.000794070671053	0.00101961360207	0.00424890447393	0.00110735246672	0.00103074217585	0.00440059744321	0.000258118816744	0.00175150870762	0.00080923117671	0.000896313056213	0.000478394070364	0.000484608429202	0.000660895791363
i	0.00215116355904	4.3249686042e-05	0.000334407158432	0.0893781293992	0.124732795431	0.167834002765	0.323066865642	0.144161238115	0.0591787477181	0.0192596408905	0.00957226324167	0.0183996344547	0.00391948191486	0.00196976234539	0.00121376508234	0.00186276152246	0.00996482572647	0.00447729760518	0.000979327085613	0.0004005768651	0.00182850601956	0.00218638629089	0.000713656557018	0.000931804134023	0.00233387332464	0.00101614618891	0.000883584125283	0.00286588852774	0.000237012908915	0.00154755716921	0.000670457758903	0.000542290618738	0.000382966310788	0.000340735483634	0.000619235223788
ì	0.00124081583635	2.4565251014e-05	0.000119610345411	0.0308798223431	0.075116108477	0.191062424255	0.308136838547	0.134476582705	0.129065267906	0.0212004712968	0.0148208277472	0.0176032214849	0.00646906920495	0.0047286561818	0.00281486086078	0.00201793442415	0.0130802602422	0.00651511010173	0.00166062062854	0.000410390378367	0.00366728307319	0.00658995171696	0.00214667808567	0.00178326871134	0.0100843295415	0.0014598829963	0.00121030600843	0.00380082788925	0.000343891012972	0.00206893618974	0.000902164519634	0.00383661073958	0.000203208254263	0.000128369971778	0.000330847927929
c	0.000568485977207	1.53249450047e-05	6.05120294703e-05	0.011419414191	0.0533971928257	0.117835772418	0.214914242849	0.103954597568	0.289635805969	0.0193696350989	0.0176010189157	0.0163395728283	0.00665464793498	0.0086169465606	0.00506778495359	0.00335836860805	0.00989960528073	0.0156775473672	0.00343541787618	0.000385338062789	0.0048865556244	0.0222955909057	0.00344532772856	0.00252337210378	0.0304622971805	0.00218287749877	0.00155465413614	0.0198617026298	0.000425073094324	0.00184893678658	0.000854714459878	0.00815498691319	0.000703573294754	0.00126344779393	0.00132964670264
h	0.000191663058826	9.9607523349e-06	3.44892842901e-05	0.00493576483033	0.0328795674419	0.043796107006	0.161531764283	0.123533192523	0.276492768656	0.0341743486996	0.0241972339719	0.0475306406094	0.012602603845	0.0121108405202	0.00691548198453	0.00657271853602	0.0326692019602	0.0225994741224	0.00599971695873	0.0024461385676	0.00815538524147	0.0259023078019	0.00541376027619	0.00603456576793	0.0354489820602	0.00539970959959	0.00614742584538	0.0256990722099	0.00183874032144	0.00690594818553	0.00583010030663	0.00802033797106	0.00247963019825	0.00278536686464	0.00271497706755
a	0.000384455837609	1.3987194445e-05	1.361594923e-05	0.00176588863678	0.0128898194806	0.023752901202	0.172015974761	0.213018164174	0.156177972885	0.0597063728999	0.0359907279906	0.0733515972031	0.0209262502817	0.0122293668401	0.00699177882818	0.00732422017867	0.0567402166534	0.0185728960408	0.00594346785291	0.0034756440892	0.0106033372472	0.0135892552673	0.00605405989206	0.00774326335598	0.0203593880201	0.00669103899986	0.00823353828179	0.0122610083033	0.00248075914048	0.0104217325618	0.00831803486888	0.00516273492369	0.00256644972942	0.00209353298721	0.00213653817918
m	0.00052567170587	1.37780772817e-05	5.80930257667e-06	0.000803607905593	0.00527326569353	0.016693224134	0.17289427492	0.250790184725	0.146738520962	0.0711532143	0.0415717976635	0.0849017147344	0.0204529794272	0.00980975678003	0.00614851754273	0.00758043905956	0.0586283782178	0.0162387753469	0.00478494301764	0.00270340922973	0.0109023602491	0.00803825685577	0.00457462399735	0.00576264611866	0.0104698657734	0.00542651656662	0.00549299509393	0.0076081690011	0.00187955331349	0.00985781935393	0.00525387352296	0.00284318417456	0.00147267170647	0.00101242160807	0.00169275334973
o	0.00191337946196	1.60663205606e-05	2.68330932556e-06	0.000461880538531	0.00221708057451	0.0108306861113	0.150332064973	0.285895974908	0.152315750321	0.0762247081	0.0512047875545	0.0793718882448	0.0240427584757	0.00902884776001	0.00647225151424	0.00741820888652	0.0541848254059	0.0142893067823	0.00427892553921	0.00241115860991	0.010798903083	0.00577572045192	0.00405133649912	0.00488699393955	0.0065625578578	0.00472129795554	0.00422993236464	0.00581653374703	0.00173353797116	0.00905475365131	0.00387519280765	0.00227841052485	0.00109086046216	0.00065161852169	0.00155907752991
n	0.00230450112999	1.56683388869e-05	1.52231487519e-06	0.000270204336177	0.0016214441015	0.0277223350371	0.169309821658	0.294438014969	0.15199110344	0.0683521380333	0.0548540258515	0.0569029527483	0.0250254128252	0.00904780025334	0.00694660940475	0.00816799882884	0.0370166404686	0.0143742775941	0.00439491951307	0.00231771513664	0.0107938570277	0.00565688205064	0.00397275096637	0.00470805897985	0.0055802154526	0.00475750465185	0.00396552465488	0.00662223299568	0.00166847685705	0.00736245808377	0.00327669430255	0.00221536724162	0.00126938324739	0.000841876879563	0.00223358005664
a	0.000819924462663	7.6138907623e-06	2.36925442506e-06	0.000200520252059	0.0014479747905	0.034046026679	0.134445106553	0.207049368323	0.19600933448	0.0605984870111	0.0736971419505	0.0580439602494	0.0327738542751	0.0149687314178	0.00994649280158	0.0111042786096	0.0295145551562	0.022309730198	0.00639170883769	0.00292239294555	0.0173654286759	0.00993449868355	0.00661574252212	0.00765095765995	0.0126894528175	0.00712695321728	0.00626270808496	0.00872217199856	0.00203344201902	0.0104846080279	0.00506045973418	0.00481458894721	0.00147836448246	0.000933939695188	0.00252707884555
p	0.000319428301654	5.4441482541e-06	2.75585270835e-06	0.000135274507353	0.000720756530167	0.0166454949597	0.071942624851	0.146732001108	0.204329154827	0.067983671337	0.0805199086502	0.0766800147498	0.0389273447584	0.0203263054726	0.0128159649339	0.0145173385365	0.0398221773854	0.030992096066	0.00943871727923	0.00466224904852	0.020740586892	0.0155763365612	0.00926496817404	0.0111542718866	0.0210745369392	0.0104174477391	0.010336779695	0.0153724073329	0.00319274353967	0.0141484823426	0.00846802867806	0.0073891749824	0.00437910156082	0.00455784753373	0.00640851650852
à	0.000392003271318	2.82259226514e-05	2.97268313612e-06	0.000129111134451	0.000468376173389	0.00627444768657	0.0438628229503	0.138300238703	0.151850921609	0.098593453779	0.0728024842167	0.12320468025	0.0392342535861	0.0192599921575	0.0120440593113	0.0147343145122	0.0700723324618	0.030286332022	0.00957032275974	0.00511436761617	0.0193475296307	0.0146442247537	0.00890672495801	0.0112943922955	0.0191453729797	0.010793835013	0.011176689665	0.0163636276776	0.00345932084656	0.0143071567809	0.00940323775935	0.00614753922747	0.00534078054361	0.00577027395791	0.00767355061284
m	0.000414603079693	3.87759782171e-05	7.75489437871e-06	8.52630634837e-05	0.00060749361113	0.00275605864552	0.0397604489834	0.122058096234	0.231539310536	0.089747713593	0.0622553487389	0.105181795083	0.0328671715287	0.0186399683858	0.0106888034371	0.0106090338374	0.0624544337206	0.0319403960073	0.00812979891991	0.00277293642539	0.0152919968769	0.0240044004846	0.007643545386	0.00874148623183	0.0332137356599	0.00777532743767	0.00756610232167	0.0268026777925	0.00207140384885	0.0093097732603	0.00585994805312	0.00714183397582	0.00320528320454	0.0042490158993	0.00456824641428
e	0.000242353749151	2.3896422739e-05	9.11246292624e-06	5.56629788279e-05	0.000588940656043	0.00130087800851	0.0321060043278	0.0823724527447	0.250656000179	0.084512323531	0.0740396135796	0.0860430366943	0.0441680275096	0.0232346624619	0.0135150438124	0.0114179192791	0.0556253708069	0.0371701040024	0.00918330530664	0.00264975252846	0.0182067326256	0.0289554531615	0.00926219979533	0.0102442752106	0.04029463822	0.00849843514589	0.00799429744056	0.0308824939308	0.00206828984962	0.0104060074201	0.00582976595104	0.00851636819194	0.00255959766818	0.0037380659331	0.00362888718809
s	0.00018558425755	1.54861571463e-05	4.69773914208e-06	2.27337211426e-05	0.000207753447348	0.000960359579503	0.0191923534426	0.0682755982482	0.237074673393	0.085051317177	0.0863837388599	0.0854624922314	0.0510366068365	0.024775075154	0.0153490734375	0.0132678217597	0.0545952296023	0.0370198666675	0.00968698910221	0.00316311214282	0.0217285855419	0.0298650140538	0.0103842184318	0.0114276720702	0.04257688574	0.00957239604863	0.00906710681352	0.0284553216436	0.00238785508321	0.0123584079734	0.00680005031701	0.013232872264	0.00221725708939	0.0028600153777	0.0053357700127
t	6.27963974633e-05	5.51005032877e-06	1.79268729736e-06	8.82269787087e-06	7.6323519516e-05	0.000672518033168	0.0143279898142	0.0540362337494	0.231918894464	0.054752164059	0.08122162062	0.0691773974105	0.0443197232788	0.0279375560513	0.0190317583125	0.0207168635866	0.0341150705341	0.0435591822225	0.0145487263674	0.00753984024761	0.0316232288473	0.0348822893513	0.0149304711439	0.0167517180234	0.0486592019133	0.0155471986829	0.0152068219378	0.0322091428812	0.00598319862774	0.0195860598245	0.0133379881057	0.0164855029213	0.00463939529646	0.00409506369257	0.00803193980423
i	9.00073229344e-05	7.03438948959e-06	2.31386254912e-06	5.68230874696e-06	3.0109395572e-05	0.000500250464389	0.0056924343714	0.0305883005831	0.124597918155	0.059796580353	0.124054386873	0.0764972771368	0.0813832077596	0.0376683453504	0.0265382834375	0.0259222221955	0.0401001095114	0.0455632854075	0.0176970424558	0.0105551498825	0.0458483286158	0.0253353081171	0.0202729903813	0.0238253820078	0.0350808543044	0.0207204248943	0.0209054229793	0.0187903867937	0.00818250777591	0.0288599492748	0.0188396403686	0.0129323268071	0.00474793586549	0.00300175790419	0.00536683926808
s	0.000100033600778	7.76459352986e-06	2.52444664971e-06	4.84792258232e-06	1.48135441907e-05	0.000456738374796	0.00272328029047	0.018836717861	0.0982386527183	0.0520296981177	0.139026256958	0.0603325880456	0.0913338869199	0.0427543334501	0.0293085211458	0.0279083767318	0.0334545988371	0.0529716818025	0.0193766108186	0.0106533537608	0.0480801178719	0.0284414417057	0.0216234057938	0.0260554540026	0.0408111417681	0.0222802579648	0.0231674229931	0.0212453287646	0.00797528099197	0.0305961814249	0.0199148957895	0.0142646769357	0.00566718572183	0.00401821897473	0.00632371262269
p	3.4705504026e-05	2.88610567995e-06	1.38129788324e-06	4.00393636077e-06	3.26266820636e-05	0.000227290185599	0.00147152164016	0.011091817387	0.0689496462394	0.0353092523726	0.0945712026527	0.0814554670152	0.06604924664	0.04186755415	0.0306600337153	0.0349101272439	0.0413225539457	0.0560213406008	0.0249985162729	0.0159619389203	0.049441367624	0.0347286082352	0.0262325319313	0.0305161013342	0.0469640749227	0.0283215929883	0.0295048269977	0.0280598679215	0.012863578164	0.0344037171416	0.0260836869298	0.0168761253119	0.0105682170739	0.00849184832491	0.0120007468742
i	4.85138019753e-05	4.74223636332e-06	2.14674966108e-06	6.95349278692e-06	3.98351973545e-05	0.000222164392533	0.000696499180053	0.00617357079567	0.0336844084131	0.0427852711242	0.0980126432176	0.103637789005	0.0976261722133	0.0450123993833	0.0363247989051	0.0336950580813	0.0566387073152	0.0454796022003	0.024063662091	0.0157695406401	0.0514526925413	0.0270091057451	0.0282665633104	0.0314053094447	0.0353137219742	0.0273948556628	0.0280410956659	0.0190932436405	0.013223506288	0.0321297287139	0.0241704496433	0.0160345437706	0.00907179875797	0.00717844669497	0.0102904420247
à	0.000158411463992	1.39667717878e-05	8.45029548703e-06	6.68530669564e-06	1.85538934515e-05	0.000274077537511	0.000386073513351	0.00421246849856	0.0274218391377	0.0389716697081	0.131515314406	0.0682893016683	0.124120257404	0.0553636764611	0.0411597839684	0.0301280160271	0.0396104311051	0.0531225410668	0.021780827697	0.0108435240467	0.0589245775138	0.0320424092484	0.0289065114368	0.0314350021482	0.0482852299914	0.0244061202209	0.0244560385553	0.0144694595468	0.00878779766267	0.0307150315713	0.0191853978811	0.0195026775902	0.00420644558599	0.00268252226499	0.0045888777749
g	0.000158472062711	1.41597349293e-05	1.09758194957e-05	4.09260799855e-06	1.13825212505e-05	0.000164919335837	0.000258263861117	0.00269659429952	0.0804990450459	0.022960527236	0.0946925181353	0.0369092928894	0.0767953698013	0.0505254331537	0.0333264223228	0.0244466426757	0.0185170521684	0.0676498603556	0.020287384899	0.00653315138223	0.0455698880713	0.0761386297495	0.0235237128123	0.0240468820494	0.11498896333	0.0190835640736	0.0180065575184	0.0558432581823	0.00530896695422	0.0222523631904	0.0128311333937	0.0278478211967	0.00407498219533	0.00656345286833	0.00745823729163
g	5.34626089837e-05	9.5365806431e-06	6.1592696319e-06	5.12930466618e-06	6.9361205835e-06	5.6706351579e-05	0.000201111452039	0.00199623923317	0.090518455182	0.0198930490787	0.0446625967118	0.0671300612965	0.0438633649338	0.0402439687179	0.0239400421076	0.0219439548919	0.0403857565228	0.0656599304519	0.020308090633	0.00807540999408	0.0276252229238	0.0859839419165	0.0199345529374	0.0225056953498	0.133497564443	0.0191246810245	0.0231958388395	0.0715699703941	0.00606909405141	0.0214713680635	0.0193652912312	0.0261620577322	0.00887350796511	0.0132597096228	0.0124015214305
i	8.76789163612e-05	2.1000314881e-05	7.31300034397e-06	8.48453655539e-06	5.4253824945e-06	0.000112063596826	0.000101222102346	0.00101761337772	0.0316734983607	0.0195315386929	0.0389371215706	0.0980693070988	0.0775085959779	0.0497265242393	0.0320978393692	0.030970667964	0.0590432011743	0.060771854484	0.024464614211	0.0124415966647	0.0427077289746	0.0530310306388	0.0294732159791	0.0349717367833	0.0858566881477	0.0281150723415	0.0353414146132	0.0345275414647	0.0090037916838	0.0336210526878	0.0294069174104	0.0183697959107	0.00922502055504	0.0101767557076	0.00957507721017
a	0.000315794998787	3.7489442627e-05	1.27754967813e-05	9.28000618513e-06	6.1959422315e-06	0.000147994524275	6.22052464487e-05	0.00055421252924	0.0114106865202	0.0130388847976	0.0502716091902	0.0624568555329	0.101914918659	0.0651778160798	0.0497166347897	0.0399970953213	0.0343083143914	0.0657248504947	0.0295566540703	0.0141856618882	0.0705198346582	0.0462407682129	0.0384300976597	0.0449995052611	0.0655328060492	0.0341229141138	0.0369697282044	0.0191212628216	0.0104301700613	0.0391989598959	0.0261281601368	0.0155942753036	0.00498251358501	0.00382566091587	0.00499743953672
m	0.000330148963596	2.97109533423e-05	1.03859163504e-05	7.92676206171e-06	6.21937357717e-06	8.09615567583e-05	0.000162670467816	0.00113163694641	0.0117808787734	0.0182077318325	0.0509712973967	0.0874814116776	0.077848780553	0.0590326363599	0.0478389779299	0.0442661314404	0.0357138617971	0.0669926684982	0.0307078170234	0.0158093959627	0.0709602765527	0.0445071427376	0.0350902405532	0.041969471087	0.0541551653497	0.0345923200379	0.0345635360681	0.0251159342739	0.0116724871871	0.0384431929653	0.0239488503789	0.0133057767679	0.007093125695	0.00588075748529	0.0102904889122
o	0.000168560871865	1.73900295808e-05	5.82090144013e-06	9.25237002057e-06	5.67205252572e-06	8.68972422528e-05	0.000203469942605	0.00139141415547	0.0120868624578	0.0214778047442	0.0583554334656	0.0990891915592	0.101854527851	0.0581970797866	0.0500897509766	0.0436199184801	0.0383495509324	0.0584576211661	0.0288708996745	0.0152035721542	0.0658741388509	0.0354059955792	0.0345978601844	0.0393278606957	0.0420324517832	0.0322157260126	0.0316965520227	0.0236382214246	0.011717293729	0.0342336773218	0.0220435411263	0.013482111256	0.00753988739833	0.0065732255951	0.0120807178374
n	0.000110600825622	1.32638795603e-05	4.30689335671e-06	7.44072134019e-06	3.85964790857e-06	8.55299517509e-05	0.000124087024202	0.00138202465849	0.0158173776859	0.0133332787147	0.0822826311552	0.0461848935197	0.113298642617	0.0621566585955	0.0546018013255	0.0470418094934	0.0190685587775	0.0641742153887	0.0308371268915	0.0165886542181	0.0716451362836	0.0363290331931	0.0359848823948	0.0409808035652	0.0414497849277	0.0338980060042	0.0327342826742	0.0267725724749	0.0128028489097	0.0351341681073	0.0226746150421	0.014395555752	0.00874309129944	0.00698837196503	0.0123500338125
a	6.78323435407e-05	1.01515782201e-05	9.09862709557e-06	4.49153868006e-06	4.60919003619e-06	6.4676004917e-05	9.1213311734e-05	0.0013099232945	0.0169226276053	0.0087167492049	0.0768324450517	0.0249922998399	0.080395747539	0.0621403115318	0.0515925561085	0.0473375498311	0.00977243392583	0.0720321401296	0.0325500209638	0.0160438480727	0.0741390637612	0.0535834510644	0.0374187687983	0.0414268705217	0.0709148926426	0.0348900576681	0.0336435612247	0.0328008824916	0.0123592143032	0.0348291627024	0.0229224886807	0.0210602632507	0.00929752376648	0.00730398585501	0.0125190672708
d	5.08888237469e-05	8.89967437337e-06	1.05733969252e-05	3.98336126002e-06	4.8351434454e-06	5.05926739723e-05	5.8727087578e-05	0.000642654363167	0.0073766361451	0.00792103303497	0.0453723216839	0.04464624528	0.064380072513	0.0598377628439	0.0473338777028	0.043622047277	0.0194559235086	0.0664476013765	0.0327842503213	0.0161176600242	0.0644666295871	0.0602144010215	0.0389324549328	0.0425193545072	0.0867961175475	0.035353571556	0.0375273420749	0.0351846534972	0.0125742891011	0.0337423055675	0.0262967872269	0.0245690474169	0.0125141939222	0.0145845728183	0.0185976634236
e	6.5392587149e-05	1.31585400911e-05	7.56612153507e-06	8.91657022001e-06	4.82817724847e-06	0.000106265623657	5.78468058593e-05	0.000469017861056	0.00406214704837	0.00823456867832	0.031833780228	0.05506861376	0.081844054171	0.060143019948	0.0499346895676	0.0462270254257	0.0245174881695	0.0582182884588	0.0336678551071	0.0177631103414	0.0599320298624	0.0487826230072	0.0431775486443	0.0469176228357	0.0679582658492	0.037928455852	0.042402595025	0.0313636588324	0.013976699367	0.0344839431892	0.0292781970756	0.0195303934723	0.0137418210074	0.0171213336394	0.0211571784745
r	7.00732444163e-05	1.4400903357e-05	6.58213609169e-06	1.01448943933e-05	4.73764101616e-06	0.000124183095052	5.56216052864e-05	0.000784750270352	0.00414574128279	0.0160484078928	0.035805641076	0.07340867792	0.090947388057	0.0597518219827	0.0516657311892	0.0473520474752	0.0311641217232	0.0543284094863	0.0330613337024	0.0181550167805	0.0631411409541	0.0405612720024	0.0440379205481	0.0470628862786	0.0537195629497	0.0377868039507	0.0407247813417	0.0225326599441	0.0146039981223	0.0350005710631	0.0282554000252	0.0169024481574	0.0112773987025	0.0115503322465	0.0159379991582
f	2.44029523388e-05	5.06487724567e-06	2.68162771056e-06	4.21658238443e-06	5.06180610539e-06	6.92283888507e-05	4.87204810955e-05	0.000859298243451	0.00407434689093	0.0181914004643	0.0277967926253	0.0820199669733	0.0571837106857	0.0464836226609	0.0414090037297	0.0476498234917	0.0347704479077	0.0471189864954	0.0357048332341	0.0237673199268	0.0493819046514	0.0432671006675	0.0443950248494	0.0453244680929	0.0527944119832	0.0406417206502	0.0452780614472	0.027654979648	0.0209659717074	0.0343876693544	0.0336349520084	0.0189191890525	0.0187487639008	0.0262995564155	0.0311172990527
ò	0.00023546462628	5.64309288819e-05	6.57721700352e-06	4.05563783948e-05	1.93895602018e-05	0.000229059529617	0.000235096823032	0.00109049290115	0.00165246229364	0.0133973853214	0.0169526601418	0.0999802066578	0.0663926502286	0.047286382887	0.0408124845766	0.0433533321639	0.0459174099692	0.0375315188318	0.0343371674114	0.0226055439756	0.0443864182171	0.0403323695558	0.0491015199498	0.0490300793643	0.0550710506611	0.0403681028834	0.0491230528157	0.0206751476493	0.0206166282358	0.0321465687848	0.0348453323361	0.0190659720175	0.0167835428003	0.0265066809385	0.0298152686842
m	0.000305596304643	7.4465776694e-05	7.78879633451e-06	5.30051153316e-05	2.18833596339e-05	0.000257415273872	0.000319957666011	0.00137219523372	0.0127517554645	0.0159192127738	0.0198734950473	0.111998073553	0.0680481404095	0.0529666242957	0.0361366628589	0.031290152388	0.0547743136564	0.0509107376106	0.0278488758038	0.0120551596585	0.0388381910724	0.0560759715186	0.0409988199833	0.0401823434548	0.10990668022	0.0294157696278	0.0359096752719	0.0320992409831	0.0114931172453	0.0232615272616	0.0232602204454	0.0227972303392	0.00921754286677	0.0142243271128	0.0153338372281
u	0.000166119830764	4.2611019298e-05	9.57236444484e-06	3.12806463105e-05	1.23127741113e-05	0.000234430891957	0.000162063227004	0.00078800521124	0.0162943512548	0.0109307949246	0.0188582536824	0.0602391655177	0.0702196868032	0.0618391360986	0.0450619156196	0.0352470391293	0.0311944492188	0.0574009405369	0.0310370562679	0.0104183022195	0.0445401920241	0.0668231771729	0.0503779139944	0.0466816808183	0.132559123407	0.0315734118759	0.037269438424	0.0360491103277	0.0102774812484	0.0214139074205	0.0197875364818	0.0241530134464	0.00673119462226	0.0101834707709	0.0113918745427
p	0.000122697042921	3.1784192766e-05	1.00329944149e-05	2.46737652368e-05	8.58252267043e-06	0.000230844533319	0.000112612107335	0.00060378483708	0.0062379460516	0.00748374597487	0.0150785515608	0.0787432381726	0.0757388132677	0.0596420053662	0.0485403245399	0.0477656557098	0.0273454587396	0.052713360179	0.033984749756	0.0144412967398	0.053182885008	0.054025214391	0.0542688826648	0.0531115869394	0.087285214469	0.039284546292	0.046064670808	0.0282487834426	0.0120561980828	0.0288355884735	0.0260607414939	0.0162749921488	0.00780765310742	0.00994272832363	0.0146901526476
e	7.62925369737e-05	2.0280121922e-05	6.16413807163e-06	1.86687765456e-05	5.15699572348e-06	0.00016594033044	9.24628247783e-05	0.000544681755693	0.00291384910387	0.00687253775829	0.0154076701869	0.0855480970575	0.0942679604226	0.0618996584554	0.0565921188466	0.0501135695699	0.0278002905799	0.0485012800597	0.0344533435853	0.0155080602466	0.0557097326693	0.0457725761303	0.0555819158883	0.0535468556465	0.0654987581563	0.0392106100973	0.0444711036027	0.0251157897142	0.0130286380276	0.0287055018245	0.0252404311646	0.0141551277163	0.00788902920247	0.00957784084121	0.0156880044492
r	5.93808453912e-05	1.6013287374e-05	4.93141422388e-06	1.55603895485e-05	3.85072768449e-06	0.000141856516147	6.32976245928e-05	0.000624395595231	0.00251127935462	0.0151415313528	0.024533492729	0.0927473966858	0.103909910141	0.0618443461518	0.0600867509489	0.0503198988566	0.0335355821933	0.0478115143532	0.0340547961951	0.0166774227489	0.0590696642231	0.0375676570434	0.0538682199628	0.0513109218822	0.0477116367188	0.0376120716991	0.0401338465342	0.0182487774714	0.0141297496759	0.0289454376082	0.0233062543882	0.0129734365721	0.00838929356749	0.00837817601374	0.0142516553831
ò	0.00017199009153	4.5766602858e-05	1.95690459413e-05	2.77819355495e-05	1.25538274715e-05	0.000370199024716	0.000122835170531	0.000747067065077	0.00237039491821	0.0180950991176	0.0237584064763	0.112312542229	0.0758759267137	0.0533973867173	0.045589236983	0.0502238746189	0.0395387320644	0.0505957191177	0.033040923065	0.0161817442496	0.0557051200744	0.0436065296811	0.0522302496543	0.0508540889607	0.0599105195729	0.039438043233	0.0452302315114	0.0165029367238	0.0128247107253	0.0318832925361	0.0269653431294	0.011549557524	0.00878648418916	0.00848454353791	0.0135306167944
c	0.00020841214611	5.6411954986e-05	2.48916216471e-05	3.24251751832e-05	1.54610376805e-05	0.000444538767505	0.000137436647844	0.000466287441692	0.00144480330607	0.00793209930587	0.0107162640921	0.068170132743	0.0518865196712	0.0465748045724	0.036355663661	0.0383580035396	0.0236660763548	0.0428317773726	0.0286303630217	0.0103796806499	0.0407970413581	0.092358488227	0.0504570912181	0.0446564876536	0.161960073191	0.0323189557443	0.0398043138371	0.0472245941413	0.00857150374177	0.0229302917454	0.0210596407431	0.024935806508	0.00568076772972	0.013519337046	0.0253935672648
ì	0.00030468942097	7.74718106953e-05	3.25022222157e-05	6.09929817277e-05	2.23099977502e-05	0.000749484728435	0.000161881023615	0.000349272857231	0.00110907310202	0.00379716983529	0.0055775585307	0.0388187649143	0.0391292683237	0.0414272171908	0.0351142825537	0.0389074921799	0.0136115701183	0.0362417791242	0.0299149620072	0.0106083777833	0.034665943786	0.106851966076	0.0596551917394	0.0483813755512	0.187958914397	0.0336202399148	0.0445388229457	0.0570925220471	0.00939245324726	0.0190373454818	0.019871109281	0.027988055736	0.00528293374324	0.0174745173487	0.0321724710883
n	0.00033665747449	8.39932273318e-05	3.44820833786e-05	6.95617883092e-05	2.43401466801e-05	0.000851051908112	0.000166360657205	0.00037418098241	0.00565673573401	0.00548755507843	0.0151856843102	0.0319072546381	0.0438440171079	0.0512875203969	0.0394446108512	0.0437945457266	0.0122240420394	0.0580184120414	0.0350174540024	0.0113414022611	0.0398906585953	0.086874598692	0.0652378245798	0.0550128145171	0.146281174799	0.0382302349716	0.0501296913152	0.0439674746824	0.0109889811824	0.0202434571606	0.021335319427	0.0203633844787	0.00746605908108	0.0164268474496	0.0224016240294
o	0.000282677525663	7.75542028773e-05	4.45017750995e-05	3.90365511697e-05	1.671333699e-05	0.000367414111337	6.78933234017e-05	0.00024896499547	0.00711194247467	0.00531752937281	0.0182229176701	0.0204247860127	0.0371118023693	0.056270047799	0.0429244079504	0.0442410002422	0.0079869685798	0.0680942550138	0.0375969180008	0.0105868027537	0.0443085461984	0.094123491564	0.0635731121933	0.0552595521724	0.1495690936	0.0388109586572	0.0474046574384	0.0410552087941	0.0106846793275	0.0193460913869	0.0189799404757	0.0190901378262	0.00789112569369	0.0146268280499	0.0182424606765
ì	0.000316354138554	9.30103269591e-05	8.75982983665e-05	3.07625627232e-05	1.778395933e-05	0.000214197744446	3.24705303006e-05	9.921693049e-05	0.00239620101156	0.00188672592427	0.00801753212337	0.00866419703757	0.0275940311231	0.0534701035997	0.0503130616501	0.0457290157474	0.00333272839327	0.0480284410046	0.0399295526669	0.0114191342512	0.0511751697328	0.125322072521	0.0751360973978	0.0607618143908	0.179606826533	0.0411498682191	0.0489755458128	0.023946835498	0.0112111106092	0.019198326129	0.0183552934919	0.0182553739421	0.0049290390979	0.0078914425833	0.0124130698922
t	0.000158354649718	4.98429415197e-05	6.91798934955e-05	1.22449916511e-05	9.57743914e-06	8.03149249153e-05	1.36419684002e-05	5.78359561633e-05	0.00280681396052	0.00163442676142	0.0121604617078	0.00683824691252	0.0251509247077	0.0544767461999	0.0439505118834	0.0377927575825	0.00249588119776	0.0663777020015	0.0367493475556	0.00803984041707	0.0439570755776	0.13761210084	0.0577638261326	0.0476887294636	0.204670692178	0.033725209073	0.0377471342709	0.0435104384993	0.00895416576973	0.0158464083763	0.0147126018306	0.0209769779807	0.00823645856597	0.0124637631944	0.0132097479641
s	5.34888034393e-05	1.72490379499e-05	2.31972389518e-05	4.15660174037e-06	3.241449265e-06	2.74689662951e-05	6.0455428134e-06	4.16301202878e-05	0.00293615907417	0.00156261326381	0.0140634455026	0.00658309977084	0.0268790292359	0.0529564024	0.0399430346278	0.0450897441942	0.00232866389925	0.0746319306672	0.0408469101852	0.0181327194724	0.0475727798592	0.10073562028	0.0491840273775	0.0499319221545	0.146799309393	0.0410860960243	0.0463099004236	0.0494028858331	0.0171823354899	0.0242550427921	0.0242171306102	0.0170158893269	0.0171215631887	0.0242554763981	0.0187997716547
e	0.000204078547813	4.450795356e-05	2.88599553973e-05	8.04457436012e-06	6.31287427667e-06	0.000147842900655	1.50127668178e-05	6.23185629959e-05	0.00107476661872	0.0012009548646	0.00977386460087	0.0118980877236	0.0396779887453	0.0543342281333	0.0455109608759	0.0543919730647	0.00363871336642	0.0587981868891	0.0433419793951	0.0240609931575	0.0607550366197	0.0792710420933	0.0579147774592	0.0595820873848	0.107969598464	0.0490827736748	0.0560770391412	0.0272678009444	0.0210129454966	0.0334045345974	0.0320947722034	0.0146751004423	0.0156330844629	0.0204882129327	0.0165515320516
r	0.000256612580271	5.468350652e-05	3.09065419324e-05	1.02992432867e-05	7.42639344889e-06	0.000189013885918	2.24409116059e-05	0.000116720747665	0.000517210592907	0.00202484072153	0.00842309593362	0.0350024192412	0.0458005929151	0.0530330813778	0.0411552029586	0.0541289366882	0.00999909045547	0.0569774056297	0.0390693967984	0.0184462120525	0.0529562962066	0.0757903026978	0.0538664348197	0.0549134674616	0.106290434821	0.0459651048916	0.0545815420471	0.0269104316481	0.0149051268322	0.0321306978658	0.0313726794011	0.0150985864808	0.014464105221	0.0273649134442	0.0281242938505
e	0.000470924757757	0.00011905401084	7.38967774441e-05	9.13507445956e-05	3.42324435063e-05	0.000355889447673	5.53658398686e-05	0.000145151255888	0.000260831640969	0.00180379460718	0.00563504621121	0.0349067251804	0.034178813305	0.0456248451259	0.0419016296529	0.0576207645627	0.0100289957185	0.0451886765432	0.0410271209328	0.0188026526842	0.0448510984022	0.0743939475659	0.0700242572732	0.0638566308205	0.096887843607	0.0495633802972	0.064917737349	0.0249453068827	0.0153499156107	0.0268905759553	0.0295269598004	0.0116033271603	0.014578515607	0.0349334881481	0.0393512186168
k	0.000540694715319	0.00013977612408	8.8081963498e-05	0.000117566916282	4.30946787688e-05	0.000411545624158	6.47060369562e-05	0.000137194908629	0.000153941013656	0.00108727283573	0.0040704388704	0.0200359524935	0.0278778377683	0.0414290853753	0.041692485551	0.0580245681876	0.0062764990395	0.0345672891811	0.0423893113109	0.0206818828947	0.0404276018007	0.0705065571886	0.0789214380911	0.0696010956068	0.089594407869	0.0527783600991	0.0731531524497	0.0266479419609	0.0173773508702	0.0251601636518	0.0317600099335	0.00989345238677	0.0160387374023	0.0467074923827	0.0516029595389
a	0.000443616021173	0.00011417601516	6.20546388493e-05	9.9175436844e-05	3.54800855229e-05	0.000701014316319	9.13379559854e-05	0.000181100169543	0.000152070621219	0.00108148411191	0.00377024809013	0.0170565201645	0.0326749249228	0.0416235341251	0.0405764101837	0.0571763160625	0.0057975717465	0.0315170680604	0.0417192347703	0.0209352896316	0.0381080159336	0.0645531703962	0.080847536697	0.0705677888689	0.086452992623	0.0530574213664	0.0761300554832	0.0267227972536	0.0177335982901	0.0258993222173	0.0346196256445	0.00994993262892	0.0165748379341	0.0496231517942	0.0533510908463
k	0.000411228188058	0.00010563492762	5.33824530764e-05	9.31014188813e-05	3.29618823743e-05	0.00079765135484	0.000101343452328	0.000204102226514	0.000165691557073	0.00116172537064	0.00376844203004	0.0178968727215	0.0347718239743	0.042082101375	0.0403976473946	0.0568233793542	0.0063489344155	0.0310934686868	0.0414623982568	0.0210412058772	0.0376561099779	0.0622464481321	0.0811418062323	0.070760522623	0.0852724308743	0.0530204724555	0.0767464218277	0.0272758350179	0.0178382270967	0.0264760390724	0.0357327308815	0.010211527043	0.016687530778	0.0481718615981	0.0519489179488
à	0.000796083090353	0.000215475105107	7.58546678188e-05	0.00020782504956	6.82401513248e-05	0.00199582966768	0.000570253861109	0.000687492692171	0.000256354415691	0.00238231905688	0.00340295901001	0.0295320695738	0.0339999303248	0.0388707637917	0.0352906181315	0.0543473871181	0.0121042331385	0.0300944545623	0.0396240787523	0.0205633792924	0.0342734249926	0.059486054044	0.0803741660774	0.069589140541	0.0838765602914	0.0519992448185	0.0793486126092	0.0270507638393	0.0171670703656	0.0268847310241	0.0372041386272	0.00953862144767	0.0166601031927	0.049858723866	0.0516030546496
n	0.000923803692818	0.000251954444682	8.33311680863e-05	0.000245836288231	7.99378498333e-05	0.00239393013533	0.000723445157436	0.000828052110724	0.0010943575319	0.00341958135229	0.00635236167	0.0297593158579	0.0344947121083	0.0462472855972	0.0358061570438	0.0433074270394	0.0138496043795	0.0418965231874	0.0363580492508	0.0136163694641	0.0332972239975	0.078544121348	0.0780602493591	0.0623213141803	0.148207436764	0.0421841916062	0.0647195212031	0.0277651734464	0.0130323147885	0.020403410008	0.0267766775424	0.0202228599159	0.0100822336642	0.030960238622	0.0316910258832
n	0.000308121512043	8.42208234507e-05	2.78747709254e-05	8.1992060356e-05	2.66888615828e-05	0.000798211025863	0.000242098065245	0.000295595057008	0.0012334427488	0.00223579381743	0.00724864742333	0.0164244448526	0.0251413617028	0.0491189948657	0.0381300010146	0.0415157236798	0.0079198921265	0.0530187243958	0.0396616824169	0.019979697188	0.0427714346658	0.0895033404493	0.0592434001197	0.0526541003934	0.165155724255	0.0402268462021	0.050470167401	0.0327411431488	0.0192598092628	0.0235991056693	0.0261581621808	0.0251647246386	0.0154878065547	0.029143958874	0.0249270809611
i	0.000223714672418	5.48394047269e-05	1.82759373918e-05	3.30908766867e-05	1.17496779409e-05	0.000361487076608	9.3598924115e-05	0.000163235772436	0.000603298107767	0.00212172567248	0.0130572850078	0.0159494631842	0.0561623712343	0.0565948149552	0.0485565370049	0.0513655412266	0.00685468520883	0.0532025524653	0.0422098364723	0.0258659530627	0.0626234332219	0.0668807494831	0.0576744547066	0.0590848934645	0.0992351134183	0.0470891890674	0.0545222758003	0.0192666307163	0.0224980867543	0.0346147358898	0.0320930313936	0.0170020915462	0.0154561987516	0.0218084846247	0.0166465966537
f	0.000198524434973	4.6960694909e-05	1.52748587973e-05	1.81394660622e-05	6.86023409363e-06	0.000217506123736	4.99722620383e-05	0.000170427930812	0.000443100035922	0.00244275302416	0.0142782788359	0.0233072610614	0.0641108574114	0.0536563179851	0.0429952496683	0.0491903784089	0.00838953623628	0.0502763818218	0.0360712981574	0.0176500206876	0.0515926097406	0.0668063324944	0.0495807149022	0.0513884654882	0.0943671678061	0.0420627160225	0.0511354366001	0.0308724792388	0.0141945999181	0.0297435839633	0.0279976084645	0.0145646035154	0.0144558818172	0.0487036345416	0.0489990952179
i	0.000516282405824	0.000124256633636	7.96400649324e-05	0.000130422125187	4.70760576445e-05	0.000490172672779	9.08506080128e-05	0.000201742820271	0.000229160283641	0.00139453036472	0.00698503077863	0.0171613044871	0.0363477078038	0.0414063043284	0.0390583995561	0.051838952803	0.00550135917876	0.0358838359406	0.0376441470525	0.0169215625625	0.0377731235802	0.0724719174981	0.0682515116341	0.0605978628294	0.097287952602	0.0457718946742	0.0646964902	0.0335894277463	0.013967982306	0.0219735666544	0.0261214788215	0.0102217933718	0.0151469430724	0.0680683095139	0.0720070027393
à	0.000689498458608	0.000166278936545	0.000145734214977	0.000170932092396	6.78453698815e-05	0.00059785734926	0.000101733068671	0.00016801129009	0.000115306807214	0.000678599931573	0.00480474485954	0.00731066222903	0.0271439969346	0.0437588827761	0.0475750021854	0.050201768601	0.00252550584292	0.0300384523135	0.0403412626842	0.0154842345208	0.0441460528601	0.100778882499	0.0868859872114	0.0699113849431	0.141471097534	0.0466448225581	0.0656479860667	0.0203033592488	0.0140513504353	0.0185875122181	0.0218647066072	0.0124406716573	0.00831589342413	0.0358331211713	0.0410308532464
k	0.000300284665323	7.43346580817e-05	9.3880940759e-05	6.24185240987e-05	3.03513021072e-05	0.00021802318303	3.99260808903e-05	8.27918873633e-05	0.000336598810071	0.000578346397191	0.00303623751985	0.00640281434301	0.0154564306449	0.0410176299254	0.0383302280618	0.0363558545337	0.00177622813097	0.0431272757712	0.0342340485614	0.00874541770693	0.0339738129534	0.1495490975	0.0599527444038	0.0468697173144	0.218285495845	0.032309462186	0.0400165833556	0.0594260864163	0.00876774877843	0.0116816770727	0.0128623815357	0.0181684652191	0.00795379807471	0.0352276970571	0.0346561290821
k	0.000100512381781	2.57946679939e-05	3.18258701197e-05	2.54801926662e-05	1.10729665157e-05	7.43553667867e-05	2.04691697968e-05	7.28213681211e-05	0.000409670809357	0.00084519616573	0.00190867603995	0.012902022781	0.010717794215	0.0321319739751	0.0242754000206	0.0313958551779	0.00526440687699	0.0427896375904	0.0303384431871	0.00979567876898	0.0192910029845	0.132334580833	0.0479737901346	0.0403225501048	0.201203620282	0.0312502953953	0.0491713764519	0.0691530078054	0.00903908989281	0.0124693256909	0.0213885015119	0.015016184973	0.0132076540249	0.0796819956857	0.0553599530274
a	0.00119364713148	0.000317223027398	0.000207966380807	0.000185221822889	7.96863198386e-05	0.0012664737531	0.000115257137432	0.000149604004374	0.000207249845786	0.000859990608577	0.00230766524665	0.0133421180603	0.017318483405	0.0306777296584	0.0260340816735	0.042612012726	0.00646125262566	0.0290622498635	0.034798564729	0.0155316672563	0.0253931799948	0.0894444919443	0.0767023900449	0.0634729260349	0.138070495094	0.0458561677984	0.0813144671506	0.0285201735018	0.0131009289643	0.020070069897	0.0333905231706	0.00841494442433	0.0126494978083	0.0840935108952	0.0567780776758
c	0.00156747980883	0.000415242649299	0.000267073484336	0.00023539107733	0.00010211717113	0.00167063440437	0.000146969996144	0.000202505648125	0.000170733001929	0.000682861082859	0.00303276274888	0.00800447148677	0.0198511728017	0.0306059082195	0.0294041422245	0.0559760309087	0.00331306030855	0.0249820206212	0.0379284305763	0.0168941894188	0.0320080173316	0.0770877256481	0.0880395616816	0.0691820400116	0.101550535031	0.0525869595995	0.0823942340502	0.0239828417339	0.0143619933214	0.0207503376323	0.0297462510569	0.00599036654144	0.0101548334028	0.0712826509651	0.0854284058919
e	0.000766899247943	0.000201578769933	0.000126283592179	0.000170193632143	5.979582156e-05	0.000888092168123	0.000107841235715	0.000191954602708	0.00013038248731	0.000568510674286	0.00339312474963	0.00550356672892	0.0239767462672	0.0336010957398	0.0421338740748	0.0625717949696	0.00207361393618	0.0210169742071	0.0418008868588	0.0192152151396	0.0365184571105	0.0662159368827	0.0988063388939	0.0729843646705	0.075302362677	0.0539963958665	0.0758433630167	0.0221540785113	0.0179824341071	0.0184568228774	0.025157643019	0.00575277904715	0.00957460033427	0.0653365943217	0.0974193512973
e	0.000886244295981	0.000171196283311	0.00010049201206	0.000158585584048	5.24107848533e-05	0.000634742164041	9.6521371905e-05	0.000155400704236	8.923077577e-05	0.000509700998095	0.00486774341654	0.00452025847631	0.0304604277557	0.0471235392466	0.0670091946916	0.0628437116565	0.00205324967873	0.0285331017357	0.0480410812863	0.0232406763799	0.0616910237035	0.0689445156276	0.100125431298	0.0814333782235	0.0685817052257	0.0542898969555	0.0690274093389	0.0160500477704	0.021360436369	0.0208125812925	0.0214710470063	0.00671128668238	0.00716809007809	0.0317440939072	0.0490415300991
n	0.000691603710774	9.91560728837e-05	5.51836928567e-05	6.36516395293e-05	2.44972916311e-05	0.00022744832893	3.86085466917e-05	7.45676022787e-05	5.30587119233e-05	0.000339428666032	0.00498526660551	0.00395548525877	0.0224960409186	0.0485487117489	0.0658290905639	0.0564010532188	0.00173494585958	0.0389566259119	0.0495826584288	0.0305550137933	0.0719886012345	0.0813144468759	0.0684209720993	0.0713949627412	0.0763854284086	0.0519508469852	0.0602087297796	0.0360100332568	0.0259793047897	0.0258621864308	0.0243502543354	0.00879600056079	0.0163043847927	0.0286858514357	0.0276359226997
ì	0.000535620182371	8.77989327412e-05	0.000138911811789	4.84945113564e-05	4.33606062237e-05	0.000106904061227	2.67732056206e-05	5.32013029596e-05	3.48264796411e-05	0.000195555832011	0.00322717063517	0.00256533281959	0.0128264865729	0.0387221439163	0.0532264298546	0.0464493117396	0.00107199038653	0.0331621429706	0.0471984618096	0.0299217552644	0.0568311517448	0.115589230625	0.0604774306998	0.0651714509137	0.11590404947	0.0471764303284	0.0580217732599	0.0451446370856	0.0260151865966	0.0218844431436	0.0231347599451	0.00965898218693	0.0202271285976	0.0397782714786	0.0253423898999
r	0.000483595081624	8.44344246804e-05	0.000167001557663	4.37131275521e-05	4.96868588112e-05	6.67619121757e-05	2.55603618735e-05	8.47442156532e-05	0.00164113790555	0.00148076600734	0.00372307217839	0.0095783675732	0.0097666091243	0.0338668856388	0.0409868692849	0.0319737369132	0.00418050589551	0.0338983553235	0.0362077062699	0.0166956105215	0.0377203135816	0.151581260208	0.0505936152333	0.0481212581379	0.209106933157	0.0326613041095	0.0409901720866	0.0563141520285	0.0156436812989	0.0122859575812	0.013560184815	0.0313428953956	0.0118067259992	0.0345643498262	0.0287020199666
t	0.000161556764125	2.86866529568e-05	5.59526370977e-05	1.4964185554e-05	1.66764286704e-05	2.29365514586e-05	1.16537622978e-05	7.02350533177e-05	0.00217276375352	0.00188963627245	0.0038552405928	0.0120441254577	0.0111447790414	0.0327297255463	0.030203428095	0.0337222369711	0.0052033461985	0.0371869101078	0.03332991109	0.0161255999405	0.0286092261939	0.128604466736	0.0483448867444	0.0435707788793	0.210427794386	0.0341248820365	0.0458400716955	0.0544536756762	0.0150117811996	0.0159376817271	0.021473443605	0.0381919251319	0.0135590254664	0.0440720399421	0.0377878913222
e	0.00102661310413	0.000235562358616	0.000162684209843	6.4262807788e-05	4.17813985535e-05	0.00047329327812	3.98138097726e-05	7.30476425392e-05	0.000760235719507	0.000805185227483	0.0029548093976	0.0061361635859	0.0171418826805	0.0356608608488	0.0331111040317	0.0500196913237	0.00242746196617	0.0318129450359	0.04028977803	0.0202640263135	0.0362148920646	0.0986302755787	0.0752131022481	0.0656602446264	0.146978811462	0.0503289840122	0.0734221885652	0.0251798962254	0.0177483933999	0.0233566705757	0.032039889535	0.017588045044	0.0136369214888	0.0450409259807	0.0354594997741
m	0.00132801600638	0.000307745309539	0.000198843975414	8.19766363627e-05	5.03414869012e-05	0.000629124852373	6.27622399242e-05	0.000210039640846	0.000380625396502	0.000873265142494	0.0031723770992	0.012928986362	0.0198778392268	0.0358934032829	0.0324716043439	0.0571846894412	0.00303446022206	0.0315874656786	0.0392757853433	0.0164159471045	0.0359435056882	0.0931387985262	0.0772195190827	0.0653232632088	0.128541657154	0.0514123513374	0.0732653175217	0.0302887990751	0.0136802958	0.0218711191919	0.0287277165117	0.011133290348	0.0109994074963	0.0447664229936	0.0577232045914
a	0.00167662894046	0.000413316309846	0.000268228763938	0.000337978609221	0.00012941688635	0.00112498184379	0.000176214379975	0.000332218413615	0.000262342432167	0.000946866547498	0.00347372933307	0.0147672076207	0.0207623604089	0.0337100154276	0.0337097687813	0.0580440228137	0.00337092337402	0.0283804545595	0.0393081201144	0.0171949307015	0.0352261368961	0.0807135888421	0.0830510530276	0.0683593027363	0.102952209051	0.0513539187791	0.0763242991739	0.0306296981584	0.0143838172667	0.020555610064	0.0268766908372	0.007931829116	0.0105820654988	0.0583720309979	0.0742979748638
m	0.00178836026349	0.000446020408182	0.000290991137056	0.000422405670774	0.000155795921717	0.00129078438793	0.000213405020658	0.000348430217872	0.000309255137389	0.00120460124917	0.00462087544436	0.0218974900402	0.025598681803	0.0364852674759	0.0383320389271	0.0634652289379	0.00489357619134	0.0313011821865	0.0417499320381	0.0203876199005	0.0429917422987	0.0681328789474	0.0853491180092	0.0709904799121	0.0795731606837	0.0538644412597	0.0761510957246	0.0287800138528	0.0171480500889	0.0243388403547	0.0283485542791	0.00720365803867	0.0110719244996	0.0496353669993	0.0612186916213
a	0.00121568483783	0.000316768144294	0.000182210501429	0.000309403664625	0.000100843600172	0.00169405803598	0.000236609547553	0.000394109219291	0.000380789145796	0.00152124744972	0.00518522794812	0.0256938524467	0.0345411582677	0.0402734938253	0.041103424309	0.0665939969793	0.00617669349711	0.0329780430622	0.0426003646794	0.0207949709668	0.0460025817662	0.0611100529825	0.0898396313364	0.0740562106374	0.0711948412279	0.0553360637532	0.0771054779082	0.0278806209843	0.0174237256963	0.0266775774516	0.0300967317597	0.00722046751289	0.0107082631665	0.0346347939998	0.0484199908738
e	0.00278341704594	0.000467208668098	0.000204886850476	0.000314177078208	9.82419690573e-05	0.00184623527533	0.000249706414184	0.00034322072643	0.000235654518599	0.00109657408324	0.00461758624937	0.0126256945822	0.0341090654226	0.0456255259418	0.065039916103	0.0610131546598	0.00427930319904	0.0288271556874	0.0478108735598	0.0245332333223	0.0604126315887	0.0725855843275	0.0959237771121	0.0858222702125	0.070119077076	0.0551167345844	0.0770223876361	0.0180400116948	0.0205112278988	0.0225994291505	0.0244870422532	0.00561382853763	0.00752304272217	0.0208870859999	0.0272149950579
c	0.00273106049065	0.000351607132366	0.000128342854125	0.000148009918103	4.90196528291e-05	0.00064780070711	0.000105968194728	0.000206053855477	0.000150434799533	0.00070238606108	0.00378391354979	0.0093381785274	0.0229600214742	0.0427363653139	0.0679920210343	0.0669743565533	0.00283711673301	0.0302326675625	0.0500345258533	0.0268950607741	0.0647782611962	0.0831030281092	0.0757135303707	0.0744618917375	0.066177413692	0.0551138515281	0.063762263212	0.0319188538983	0.0226397736329	0.0212863653835	0.0218948024177	0.00600470914588	0.0102710565741	0.0271882283333	0.046681002786
ì	0.00172194260555	0.000310527533789	0.000179912588675	0.000202831904734	8.74115650864e-05	0.0016278729877	0.000165638713243	0.000239347411826	0.000181346743178	0.00071711154036	0.0037196105166	0.00865351674247	0.0246466371581	0.037437950438	0.0459119120114	0.0683240761844	0.00251851167767	0.0285694145208	0.0448872632844	0.0222698635914	0.0488265910654	0.0731179893697	0.0857238214569	0.0737122672458	0.0758364812307	0.056952528176	0.0764921667373	0.0296872735328	0.0187821535443	0.0236489901278	0.0279345911392	0.00596392694863	0.0105150255247	0.0395175751111	0.060915869262
k	0.00134985299	0.000296334434996	0.000197025596125	0.000222073395711	0.000100274053095	0.0019469165135	0.000184203191081	0.000224295333275	0.000347815881059	0.00080834200012	0.0031510733722	0.00813353214749	0.0216453987194	0.0361299254793	0.0337091780038	0.0480485570615	0.00249133125922	0.0381577288403	0.0364175910948	0.0136494560971	0.0322930546885	0.10915744979	0.0748009114856	0.0604165880819	0.151461975744	0.0427482320587	0.0645235582458	0.0534836467443	0.0117301227814	0.0170794303759	0.0214840969797	0.0101987837829	0.0088852491749	0.0464304507037	0.0480955034207
a	0.00385938761815	0.00103866242207	0.000750059788608	0.00045311737937	0.000227480879098	0.0041776185221	0.000333345127027	0.000307918317092	0.000496711640353	0.000956322633373	0.0033528176574	0.00800569424916	0.0194444129065	0.0342292238264	0.0276403240013	0.0387676653538	0.00264897875307	0.0420332829468	0.0320839103649	0.00956505359903	0.0257507185628	0.12476819193	0.0685346014952	0.0519060650273	0.181921583581	0.0353694903529	0.0562261140819	0.0614489476481	0.0083219391938	0.0142477704586	0.0173538602599	0.0116394935276	0.00792475979163	0.0539887502346	0.0502257131402
e	0.00678467167272	0.00167064980736	0.00149616116287	0.000607537286457	0.000361979579699	0.00497401522737	0.000407774052342	0.000359978002364	0.000338933210118	0.000826296411124	0.00318781636247	0.00585485361639	0.0179032848355	0.0300856176088	0.0369983336671	0.0405573917846	0.00243248851769	0.0281405396489	0.0376910741216	0.015324372533	0.0371617898543	0.147107895977	0.0794260391651	0.0640123863424	0.14563730286	0.040768911451	0.064022864694	0.0370417222827	0.0135777617313	0.0149928664862	0.0177669027533	0.0068020621092	0.00691920766388	0.0491848957449	0.0395736327134
t	0.00435069309729	0.000942566360797	0.00106125104328	0.000281324799559	0.000213148229065	0.00171112889782	0.000163829400881	0.000164801077455	0.000130291546706	0.000380652818708	0.00193504953082	0.00341798227213	0.00944388381183	0.0284145792029	0.0433770885557	0.0375804219282	0.00138141816256	0.0256206065496	0.0424342453739	0.0227929978443	0.0427445409514	0.168116038659	0.0611570783884	0.0588629367808	0.13883852762	0.039829338817	0.0531930052313	0.0556742567609	0.0210433765771	0.0143906504954	0.0169168435844	0.00936249636973	0.0148991905546	0.0492387015816	0.0299350782378
à	0.00201421427214	0.000441210138609	0.000655636380079	0.000145848890593	0.000146464748853	0.000653254824637	7.92277853937e-05	9.20608858183e-05	6.02892802353e-05	0.000194843254569	0.00169641091027	0.00193814242404	0.00696269910394	0.0285218607343	0.0388341505186	0.0349910706427	0.000798548610853	0.0247460805165	0.0404717937913	0.0217815406148	0.0379494966505	0.152174119553	0.0599375361295	0.0566046635936	0.163319805873	0.0389350862723	0.0536205527438	0.053100240587	0.0204288226924	0.0147225221651	0.0181509471948	0.0115999821232	0.0168263699515	0.0610994045272	0.0363051324126
l	0.00123548606145	0.00027489510987	0.000520597490716	0.000100880520231	0.000124266296394	0.000300675039999	5.23600857979e-05	7.84065676061e-05	0.000187830611412	0.00031725311819	0.00152245937009	0.00398686607468	0.00626953320131	0.0294848255781	0.0306801268395	0.0271329018809	0.00158444733695	0.0288387005055	0.0330820065971	0.0117310089383	0.0261107182168	0.163971269851	0.0558996920432	0.0451589391979	0.242350621958	0.0296251770908	0.0414464285813	0.054291023529	0.0119993757308	0.00900937978837	0.0116375403983	0.0170198083744	0.0104105810838	0.0610879848424	0.0424759658042
a	0.00317656982455	0.00074491394029	0.000980551650929	0.000435572783444	0.000325962788908	0.00210588915512	0.000205240774266	0.000190599408202	0.000289646590471	0.00054302292273	0.0027515179567	0.00535403045823	0.0113723624004	0.0318102111927	0.0264742729465	0.0281170589603	0.00228901681232	0.0328764388352	0.0302201828657	0.0092804670461	0.0239194230723	0.13590630995	0.0603335873477	0.0457992397326	0.233658413986	0.0297657983636	0.0468677871938	0.0494393290763	0.0091764432436	0.0111505076628	0.0139828671328	0.0176596736248	0.00791446436127	0.0692027382808	0.0556798762681
s	0.00382354298986	0.000900811041183	0.00113370932846	0.000546940936408	0.00039315423784	0.00270759705492	0.000254734547389	0.000216779095201	0.000169046876824	0.00043062643491	0.0032306106189	0.00323619231941	0.0139625304668	0.0322759030642	0.0294616609822	0.0367882663201	0.00150560635411	0.0302194392784	0.0351513692886	0.015791374682	0.0310246760241	0.106914449983	0.0684248457826	0.0571107299109	0.167660051329	0.0396663171212	0.0633864053979	0.0345068442588	0.0143305910812	0.0186113138876	0.0238371130443	0.0144275420416	0.0120705927871	0.0757830227603	0.0600455610894
s	0.00127491651407	0.000300412137768	0.000378115728635	0.000182449022729	0.000131171187401	0.000903050765457	8.5144328423e-05	7.46832075337e-05	6.13209269413e-05	0.00017202326897	0.00196692843963	0.00177537337314	0.0104834772556	0.0314923350214	0.0312973693274	0.0450377487734	0.00072676072137	0.0289212384261	0.0412410047629	0.0235581202273	0.0337272906747	0.0983839333277	0.0638770485942	0.0594066333036	0.135504213776	0.0475665840404	0.067513774466	0.0364303507529	0.0215690583604	0.0219434026292	0.0303070240148	0.0139186498805	0.019663360929	0.0747988025868	0.0553262276965
a	0.00107518947379	0.000241201925543	0.000288942773878	0.000157191976243	0.00010943779905	0.000790634299086	8.51270161343e-05	0.000115149982511	5.16614736471e-05	0.00021423230299	0.00258198311321	0.00178040499105	0.0132064781852	0.0322173003405	0.0336740321091	0.0515170172578	0.00068713319379	0.0250377918087	0.0425007722543	0.0232762330758	0.0360191378916	0.0900862244426	0.0789787395314	0.0689992411012	0.119099461259	0.0532085120135	0.078097309822	0.023538810251	0.0209292187868	0.0214640785431	0.0304558636716	0.0093033714935	0.0164359933097	0.0688950325289	0.0548811295655
e	0.00453739499126	0.000670222225181	0.000869735881293	0.000283074568748	0.000247048603017	0.000840462186362	0.000134363988711	0.000216113027504	5.92045168824e-05	0.000340647167663	0.00285071743774	0.00274444423035	0.0129768483951	0.0306319464468	0.041911220703	0.0473801594193	0.0010727673646	0.0213123359362	0.0427548524181	0.0219554980253	0.0421037849639	0.127779851481	0.0804377181771	0.0712598320337	0.122912798753	0.0490366680045	0.0716727399407	0.027650083417	0.0194138312623	0.0161773158477	0.0217376688905	0.0067351820645	0.0110019741032	0.056453960843	0.0418375485218
p	0.00504305745509	0.000672461109917	0.000900771525054	0.000228898856106	0.000227419061206	0.000370657528454	9.54380835703e-05	0.000176281350168	5.15265292941e-05	0.000311913959221	0.00192077121258	0.00342293357678	0.00942961646503	0.0259095158156	0.0403758342343	0.0485517304731	0.00111975897487	0.0194811733121	0.0431288634727	0.0242232663418	0.0404842206546	0.132638015827	0.068487399059	0.0635708936779	0.103126929918	0.0478551416682	0.0637270899802	0.0402542128057	0.0216364880874	0.0151058192826	0.0211246662968	0.0060135549215	0.0141738463677	0.0730629936143	0.0630968561739
i	0.00249885387636	0.000396249418162	0.000426974152975	0.000290779441892	0.000151046107269	0.000411191945818	0.00012788202519	0.000194033537723	5.77892144314e-05	0.000345311773074	0.00270827253753	0.00309980202559	0.014150926155	0.0305333289385	0.0422700454114	0.0545828028244	0.00110377774496	0.019839637104	0.0434290348242	0.0231723307806	0.0381532735515	0.090751390609	0.0827820776863	0.0708281658926	0.085432695306	0.0520677452227	0.0729537366601	0.0295956902686	0.0210676923625	0.0172641484275	0.0245430304323	0.00629267797383	0.0138892087892	0.0756642778714	0.0789241253913
a	0.00211086525879	0.000367637286054	0.000313525347658	0.000334916217297	0.000140545000423	0.000451935938606	0.000151055764063	0.000221756532574	5.07213721438e-05	0.000385652714358	0.00379616117918	0.00310388290853	0.0184785120517	0.0416282689795	0.0607546931371	0.0558426472748	0.00134219061499	0.0245015720347	0.0473019409414	0.0233519255935	0.0555592711838	0.089063760203	0.0899277425621	0.0820311186309	0.0875992017687	0.0534394594076	0.07311564422	0.0193825034229	0.0206126534542	0.0178605778092	0.0209569851441	0.00639635232461	0.00910651526307	0.0446110646238	0.0457067381304
c	0.0011794480256	0.000188163957351	0.000149807171219	0.000135716455132	6.21027649077e-05	0.000185958319535	6.74722023543e-05	0.000148349860858	7.33980413813e-05	0.000376922788119	0.00338334149306	0.00493084080284	0.0166825383506	0.0404985763265	0.0552621357124	0.0600601107583	0.001414662405	0.0289817323449	0.0458207136471	0.0222293868645	0.0551647530613	0.089246483401	0.072090320854	0.0702125462103	0.0852772039229	0.0523287601359	0.0642291660733	0.0336544374743	0.0188285791514	0.0191386319364	0.0217375797147	0.00712021077487	0.0117242950877	0.0500851702079	0.0673304857101
e	0.0017845005812	0.00030216831445	0.00024243819574	0.000371580964411	0.000130787748403	0.000227974579845	0.000146006386118	0.000225596643619	8.48920927938e-05	0.000453109352706	0.00267815726435	0.00505433503428	0.0135485944502	0.0330814764422	0.0521539285708	0.0592251749194	0.001508745835	0.0235870527816	0.045842664549	0.0244175779548	0.0455348113538	0.0830807878003	0.0750775169513	0.0702150520701	0.0732608529743	0.051246421712	0.0655116396911	0.0333632034914	0.0217414880505	0.0163566163121	0.0202758034049	0.00572192309162	0.0137914431959	0.074504526736	0.08525114857
i	0.0030969370604	0.00040263951815	0.00029904516858	0.000459312166137	0.000161130091801	0.000255988198615	0.000177357715373	0.00024800169454	7.33882599313e-05	0.000528803630902	0.00557836075478	0.00474056574476	0.0196825534834	0.0440818108141	0.0701038995236	0.0554197753065	0.00204680841167	0.0310670289272	0.048904974183	0.0270019723183	0.0674450581179	0.0846868892668	0.0763467039838	0.0776472873567	0.0720533826581	0.0505470915707	0.0628440925637	0.0232781128305	0.0236259620168	0.0192251394374	0.017852030635	0.00623575853054	0.00984018709863	0.050506001112	0.04353594419
d	0.00215842428207	0.000199033122617	0.000126182299713	0.000162758034859	6.1397961817e-05	0.000106231970438	6.88996264577e-05	0.00013036586818	7.31133143104e-05	0.000485267816967	0.00615050548493	0.00578784038159	0.0214456246611	0.0450017432714	0.0583184151745	0.0539655967688	0.00218880143722	0.0363672336424	0.0445726513943	0.0242406774394	0.0637243490393	0.0789492764223	0.0618979329946	0.0656434924522	0.0775392055527	0.0491417981902	0.0600412335212	0.0319129149435	0.0202380680056	0.0233022124791	0.024031297545	0.00835355317685	0.0136963342329	0.0603513292373	0.0595662093967
ò	0.00165282372262	0.000276330460772	0.000282081873424	0.000173819106433	0.000121791816156	0.000737055855713	8.56205934859e-05	0.000118605099393	6.99909424368e-05	0.000395296578989	0.00354289899498	0.0047745227272	0.016518290387	0.0334819300905	0.0363572993915	0.0495031849229	0.00166786654574	0.0272109198808	0.0392723527981	0.0203663101465	0.0388778570131	0.0776576888074	0.0718431843315	0.0648394541507	0.0997506165176	0.0492174780634	0.0747983995071	0.0270731427812	0.0171845700019	0.0215011898264	0.0294333791817	0.00751941762562	0.0152787877443	0.0881956397458	0.0802202017989
p	0.00148350777784	0.000302610033591	0.000334241875475	0.000178125097078	0.000141978736692	0.000945996156471	9.25476994953e-05	0.000119118768464	0.000193551550812	0.000442214559663	0.00255706659833	0.0059472838424	0.0130155292623	0.0286676766968	0.0263602046305	0.035859402641	0.00206390388191	0.0257873476269	0.0307495269327	0.0126633663822	0.0262091980044	0.111295946269	0.0645177671105	0.0527266760502	0.196359522173	0.0371258370211	0.0616769645024	0.0444106820604	0.010922945334	0.0154384313421	0.0216478727272	0.0212481794419	0.00961507608143	0.0707359889153	0.068163720933
u	0.00376581389625	0.000945521007864	0.000796894176158	0.000865320533959	0.000383978636871	0.00373485315672	0.000429497634832	0.000358170131488	0.000325739176937	0.000734638486554	0.00361084413278	0.00690910461413	0.0168679395541	0.0279031418989	0.0250712653768	0.0316357762137	0.00282515679397	0.0257359488756	0.0277286609776	0.0109870881274	0.0243673583348	0.11171548409	0.0627467363702	0.0491126666834	0.206489017391	0.0322121746737	0.0550902915008	0.0492236865201	0.00946373611133	0.014387505514	0.0181734159091	0.0252516872473	0.00732099772714	0.0701294586384	0.0727004106443
è	0.00482574033208	0.00124741427929	0.00126090002539	0.00111416014332	0.000503987598957	0.00470845953224	0.000549662657277	0.000433043473829	0.000236343315979	0.000669932680185	0.00398569261093	0.00400320702804	0.0176661891847	0.028565800633	0.0305708631256	0.0348415564046	0.00206832024466	0.0221097949585	0.0319611879925	0.0120906080425	0.0306655194449	0.127405903363	0.0803635104567	0.0593964955611	0.187933132464	0.0365532438912	0.0616539338336	0.0235967196734	0.0108776770371	0.0149305025047	0.017984807303	0.0128269391824	0.00546856577571	0.0664129872128	0.0605171572148
t	0.00190899350246	0.000505221309263	0.000730512509307	0.000391931818783	0.000207452656222	0.00161389688255	0.000193742982159	0.000160481447443	0.000190113368993	0.000348173091395	0.00384071183698	0.00256694496601	0.0142767080616	0.0365365968777	0.0310639367085	0.0325066661349	0.00110522164155	0.0416239919862	0.0340449369975	0.00838598001417	0.029369519815	0.153562617788	0.0657378301522	0.0503101675204	0.225446610821	0.0330892536304	0.0471638326112	0.0391761862245	0.00931994601237	0.0119504231682	0.0140518167677	0.0132856047275	0.00885523292524	0.0469952967376	0.0394834074049
s	0.000637328759087	0.000169324220774	0.000243752083266	0.000130780331188	6.92398560873e-05	0.000538336043917	6.49005861197e-05	5.68779555477e-05	0.000165924995164	0.000222253858798	0.00364827524566	0.00206190035534	0.0135733230205	0.0390367792926	0.0308972795695	0.0409045527116	0.000756563970517	0.0494700189954	0.0402844909992	0.0168855170047	0.0319193742717	0.118382057929	0.0580513233841	0.0540550595068	0.169879110274	0.0417116598768	0.0556593362037	0.0438431810748	0.0168592313375	0.0159432997227	0.0206310032559	0.0116581869092	0.0179212376417	0.0654371089125	0.0382314024683
i	0.000744126986196	0.000175642061778	0.000182726073742	6.5024699646e-05	4.28101261391e-05	0.000453014952572	3.97286387066e-05	5.40910204159e-05	9.13931872213e-05	0.000221036447933	0.00267753188189	0.00264388118511	0.0153030480068	0.0364573904309	0.0337459448565	0.0501890509039	0.000807918500172	0.0348759296651	0.0428881926664	0.0217201976682	0.0376600824239	0.104436029643	0.072946691128	0.0653556111689	0.141751400091	0.0505503086256	0.0695265940679	0.0241614700249	0.0198330411125	0.0199919565742	0.0263664564186	0.00925694830307	0.0165756766806	0.0629706029708	0.0352384464894
c	0.000797228223732	0.000184447834593	0.000163664834914	4.45811107153e-05	3.41324188797e-05	0.000430193975191	3.99133465689e-05	0.000131936621805	0.000126232882407	0.000454162282644	0.00261645916063	0.00557076622837	0.0162930726689	0.0331240541436	0.0288952642855	0.046930487968	0.00136904230006	0.029177401555	0.0352770322221	0.0136361568894	0.031278770808	0.104747448214	0.0687905520427	0.0563435003896	0.151654076697	0.0436853605419	0.0616345780226	0.0282930520083	0.0120181707042	0.0170727825247	0.0224482428062	0.00997830693436	0.0104240830269	0.0742279843236	0.0921068411631
h	0.000283810926144	6.83812648643e-05	5.68207247047e-05	1.82457085384e-05	1.50996671266e-05	0.000160290190064	2.8571789523e-05	0.000151925877268	0.000109668090802	0.000644015347548	0.00151104803688	0.00690009690946	0.00895535372297	0.0194987837145	0.0170553934285	0.0352386999893	0.00231418673335	0.018282954185	0.0259691457407	0.0112241606298	0.0170915672693	0.0796092014047	0.0512468383476	0.0392711251299	0.109912516566	0.033382473514	0.0508754410075	0.0278217221694	0.0101786372347	0.0119113618416	0.0189236706021	0.00716928491145	0.0114070456756	0.197077164775	0.185635277054
r	9.55970160813e-05	2.31008597281e-05	2.05013810349e-05	8.80426864613e-06	9.89841617553e-06	7.3642032688e-05	2.24187931743e-05	0.000112294915756	5.2607651934e-05	0.000726313739183	0.000935081812293	0.00798024046982	0.00662819974099	0.0142745889048	0.0134726061428	0.0330531746631	0.00337451387778	0.0124105780617	0.0250675685802	0.0143055185433	0.0134316177564	0.0550996204682	0.0533967967825	0.0393614883766	0.0697536931887	0.0347272621713	0.0566104766692	0.0141981498898	0.0133623190782	0.0123837044472	0.022584748534	0.00446396140382	0.0139283858919	0.266764884925	0.197285635685
ò	0.00307435192283	0.000774542142016	0.000854496397078	0.000708423624549	0.000490337808525	0.0114987766929	0.00118429611872	0.00105369885192	0.000425545222311	0.00212202756973	0.0028979066541	0.0120637091566	0.0150964389137	0.0183854496349	0.0159363377143	0.034514365221	0.00632253842593	0.0157123813539	0.0268003681934	0.0153487480144	0.0180080805855	0.0513550598227	0.0637144789275	0.0485226044589	0.0735791243962	0.0379723727238	0.0682193768897	0.0084946822966	0.0136926913594	0.0174897079824	0.0279790758447	0.00435837433461	0.0121632518306	0.216051504975	0.153134891895
</S>	0.00610000146141	0.00153730457101	0.00169767484854	0.00141107281227	0.000973694304262	0.0229470253465	0.00234792195936	0.00200152327596	0.000811824161156	0.00348885043486	0.00495186662705	0.0146844510783	0.0234995829569	0.0223198898174	0.0177518288572	0.0319060356105	0.00890200171296	0.019255201677	0.0259238945967	0.0141055782572	0.0216112512927	0.0492643024113	0.0680210874637	0.0533248722294	0.0828016771981	0.0367189763619	0.0729334484449	0.0053280831483	0.0118777226797	0.0210638024912	0.0301311464223	0.0046789039673	0.0088444467153	0.181521772488	0.125261310948
