 	i	bambini	non	possono	mangiare	il	gelato	prima	di	mangiare	</S>
t	0.0908969	0.09089745	0.09089682	0.09089682	0.0908969	0.090896964	0.09089724	0.090900436	0.09090654	0.09091007	0.09100382
a	0.09081826	0.09082125	0.09081902	0.09082519	0.09084737	0.09083989	0.091151394	0.090989225	0.09097666	0.09086186	0.09104985
p	0.06823841	0.06823925	0.068236224	0.06827778	0.0682419	0.06826153	0.06838471	0.06978345	0.0717008	0.11287548	0.2677605
e	0.09066868	0.09069026	0.09067491	0.09067974	0.090734765	0.09072092	0.09111769	0.09111894	0.09165966	0.09079584	0.091138616
t	0.08121596	0.08122693	0.08121361	0.08123858	0.0812213	0.08130853	0.083791606	0.083459966	0.08453814	0.09192371	0.16886166
ì	0.078242056	0.078280516	0.07824308	0.078282066	0.07849168	0.080145806	0.13053131	0.10443944	0.08964701	0.08326124	0.120435804
a	0.067885384	0.06788441	0.06800176	0.068004355	0.06821111	0.07275874	0.15459055	0.122567564	0.0767401	0.07817758	0.15517855
e	0.0747693	0.07495591	0.0747234	0.07534866	0.074845724	0.07580203	0.100638434	0.11101235	0.12461633	0.087911576	0.1253763
s	0.07472628	0.07665938	0.07449892	0.074660294	0.07458343	0.075874105	0.09143216	0.109655365	0.15535477	0.085124984	0.1074303
ò	0.06748777	0.06774793	0.06746985	0.067546286	0.068019934	0.07185839	0.14897725	0.12542109	0.100065835	0.078504235	0.13690147
z	0.042473517	0.042472582	0.043519743	0.042979494	0.046834935	0.08365483	0.1285505	0.1641059	0.093357176	0.10847152	0.20357987
u	0.08264798	0.0839137	0.082986265	0.084497355	0.09303776	0.08820918	0.11273075	0.09182596	0.09891909	0.08853612	0.09269583
n	0.031266537	0.031273574	0.031258382	0.03193046	0.031547125	0.035115495	0.07882729	0.108968794	0.08267568	0.06469328	0.47244337
e	0.08097718	0.08169683	0.08112045	0.08118267	0.082081	0.08244256	0.10922582	0.10026948	0.10657007	0.08586075	0.1085732
f	0.01069514	0.010779275	0.010656796	0.011453278	0.010857405	0.012728873	0.029154222	0.07640221	0.06408037	0.11417853	0.6490139
à	0.042072386	0.042744156	0.04196989	0.042086255	0.042595316	0.047508974	0.096022405	0.18475902	0.26738706	0.095546745	0.09730777
i	0.0061820163	0.006185366	0.007615541	0.0065212026	0.0066839927	0.009779318	0.018825404	0.03495101	0.02047577	0.03839818	0.8443821
t	0.0023854668	0.0029735302	0.002290239	0.0033005008	0.002431675	0.0030505436	0.008486506	0.050813023	0.066289864	0.32133177	0.5366469
o	0.015703697	0.02192848	0.015613338	0.016725967	0.02151854	0.034006454	0.088516876	0.26739293	0.28762746	0.10709146	0.12387477
g	0.0001808524	0.00022062169	0.00017547749	0.0004758648	0.0004734611	0.0010757514	0.0010957475	0.00848123	0.019296525	0.46336272	0.50516176
e	0.00914821	0.016612528	0.0076778545	0.005975144	0.0059946557	0.007036876	0.020354033	0.06206296	0.073007695	0.060362484	0.7317675
l	3.115359e-05	5.6447763e-05	2.6532158e-05	9.236589e-05	5.9602018e-05	0.00031949367	0.00047961037	0.0064359624	0.013562504	0.6571465	0.32178977
à	0.0006924587	0.001204183	0.00074266345	0.00081407407	0.00096919516	0.0045680795	0.010091836	0.0762687	0.13138738	0.4593408	0.3139206
t	0.00018365604	0.00036403074	0.00051275204	0.0028457185	0.0023692304	0.004552483	0.005686668	0.04108562	0.10226664	0.4750089	0.36512432
o	0.00028934094	0.0005537169	0.0011074682	0.0014846807	0.002494684	0.0021476077	0.0022142425	0.028624922	0.07543359	0.738222	0.14742778
p	3.1974178e-05	7.212766e-05	0.00015373569	0.000271858	0.00043817284	0.0003301653	0.00046163634	0.0029329753	0.15820326	0.39073506	0.44636914
r	8.4606814e-05	8.884095e-05	7.97932e-05	0.00018892967	0.00011772724	0.00016808417	0.0003619866	0.0057170745	0.0076399054	0.87264234	0.11291067
ì	0.00021554089	0.00053916115	0.00073823845	0.0017861257	0.002909827	0.0037541734	0.00418788	0.017959999	0.032490354	0.2000396	0.735379
m	6.190651e-05	0.00015031015	0.00032076638	0.0012635126	0.0010479209	0.0016303569	0.0016508789	0.006276616	0.02970162	0.6771903	0.28070584
a	5.689663e-06	1.788147e-05	1.4123434e-05	3.988299e-05	4.8728987e-05	0.0001145229	0.00030529554	0.0038023156	0.06935148	0.541387	0.384913
k	1.25093575e-05	4.3054122e-05	5.0927392e-05	0.00014750868	0.00013189646	0.00036140115	0.0016330823	0.0034964236	0.16683212	0.4934415	0.33384964
a	7.016545e-06	2.58707e-05	1.0901703e-05	5.3087126e-05	0.00013216214	0.00029529142	0.0008395271	0.0021377257	0.0099426	0.5745718	0.41198406
n	2.939054e-05	2.3951856e-05	2.3804181e-05	7.497833e-05	0.00011600628	0.00032573822	0.0015643914	0.0013135842	0.08363812	0.5211131	0.39177695
a	4.9045964e-05	0.00011897824	4.791594e-05	0.00037591383	0.0008058667	0.0016480471	0.0034630292	0.014696782	0.070553906	0.46906245	0.43917805
f	1.11423915e-05	1.742743e-05	1.4605918e-05	5.4398195e-05	0.00022312801	0.00041361025	0.00074147	0.00067410833	0.054103155	0.53047186	0.41327515
à	4.4446504e-05	5.12879e-05	3.1889114e-05	0.00012237282	0.00028618236	0.00062317506	0.0012596841	0.0032680153	0.014295902	0.31927556	0.6607415
n	4.138802e-05	0.00013487827	6.012636e-05	0.00055367895	0.00073322956	0.0014702525	0.0025405202	0.0069687534	0.026094822	0.5954529	0.36594948
e	2.2537613e-05	3.1621803e-05	1.661929e-05	0.00018089425	0.00013539886	0.0006300669	0.0008999009	0.004760319	0.036708876	0.45051214	0.50610167
</S>	2.4324012e-05	3.1859592e-05	3.8721813e-05	0.000107528904	0.0004525571	0.00084668584	0.0031337496	0.0017160864	0.061156265	0.49993813	0.43255413
