 	quando	divento	vecchia	vendo	la	casa	in	in	Trieste	e	vengo	qui	da	vivere	al	mare	</S>
a31	7.170820855e-07	1.88123774e-06	5.996733005e-07	3.366055598e-06	9.751632775e-07	5.56762699e-06	2.1535222155e-07	1.902322511e-06	0.000131676761	3.98800484e-05	9.3568764e-05	0.0001531107725	0.000122760169	0.00156718135	0.65947667	0.3353147765	0.00308517205
a8	0.000190647994229	0.000254942546413	2.69114762002e-05	2.0811128366e-05	5.1880359925e-06	1.78153266633e-05	2.32977454718e-06	1.5060232437e-05	0.000362864103667	0.000204362196133	0.000498394081333	0.000759831844167	0.000417458476333	0.00127524405	0.342910070333	0.628541758833	0.0244963205833
a31	0.00025348160185	0.00033804628354	3.52860849874e-05	2.44700143453e-05	5.99101282417e-06	1.85316570878e-05	2.89993500339e-06	1.82260849123e-05	0.000360100565222	0.000233595781311	0.000575822263978	0.000878431881689	0.000444012380444	0.000746508526667	0.208142047111	0.757573586278	0.0303489583944
a41	0.000147857294391	0.000208802415916	2.60373335831e-05	2.19960623384e-05	5.61725810139e-06	1.72057952293e-05	2.0379260888e-06	1.12199914041e-05	0.000216898929074	0.00012965767637	0.000316418311526	0.000459126860863	0.000230345195148	0.000367683485556	0.16127121807	0.789144295426	0.0474235996648
a10	0.000124079514797	0.000184150004305	2.70264345277e-05	2.62226344461e-05	6.74808426713e-06	2.12502544098e-05	2.08122226293e-06	1.10061311347e-05	0.000235356246358	0.00012319997879	0.000300946863842	0.000409372480288	0.000212221458383	0.000313946341852	0.05806124439	0.870229048475	0.0697120855549
a20	9.65297549323e-05	0.000142990447102	2.12380475092e-05	2.16759101487e-05	5.39936512238e-06	1.83219741366e-05	1.57694948764e-06	9.28832971157e-06	0.000249995298786	0.00011760555293	0.000296080627947	0.000393434410096	0.000212079539461	0.000337821057284	0.02582672913	0.911073166158	0.0611760608516
a31	7.59188726214e-05	0.000110855302247	1.52669980111e-05	1.55820093496e-05	3.91146044079e-06	1.40604363789e-05	1.12090800588e-06	6.77766935386e-06	0.000197122345595	8.86426639767e-05	0.000225124881816	0.000299501919532	0.000161093141154	0.000319018235761	0.0991851780433	0.857312722053	0.0419681322505
a37	7.39629685178e-05	0.000111510523962	1.69441315117e-05	1.80509680832e-05	4.87028308026e-06	1.61165461263e-05	1.26586631196e-06	6.14578856795e-06	0.000147932031198	6.65855909922e-05	0.000165002859772	0.000215681239344	0.000111055695051	0.000243181038587	0.121127205814	0.811551907351	0.0661226093835
a31	7.33100783167e-05	0.000111726247219	1.75082656959e-05	1.90535991277e-05	5.28686076009e-06	1.73518112754e-05	1.33469061732e-06	6.00359132265e-06	0.000134676932066	5.94110299974e-05	0.000145048352491	0.000187643399881	9.4354663017e-05	0.000226710499529	0.125617981738	0.799129535784	0.0741531134945
a18	8.0654111583e-05	0.000123790118305	1.75550137573e-05	1.90091908092e-05	5.47937465336e-06	1.73482833251e-05	1.36737411911e-06	5.50763190755e-06	0.000112289329022	4.93153363325e-05	0.000117293700064	0.000150708186727	7.3846072339e-05	0.000200068933176	0.126856541279	0.778457645261	0.0937116481982
a31	8.3102094355e-05	0.000127811855079	1.75763212491e-05	1.91512252697e-05	5.62775128445e-06	1.7816532275e-05	1.39539716304e-06	5.39693170252e-06	0.000106995583007	4.61449171108e-05	0.000108216521521	0.000138464285909	6.71567837797e-05	0.000196393397725	0.125787047793	0.77302682842	0.100244949899
a46	6.59583339457e-05	0.000104170340671	1.4726944413e-05	1.67478230899e-05	5.13293482815e-06	1.61850552583e-05	1.28689131101e-06	4.69353230084e-06	8.9791805669e-05	3.77953020369e-05	8.6667962007e-05	0.000110825985636	5.37355509266e-05	0.000181755265908	0.125250881411	0.753558002807	0.120401657133
a20	7.35948533152e-05	0.00011920859189	1.72630636377e-05	1.92545491966e-05	5.66712444272e-06	1.68654735861e-05	1.43001307034e-06	5.32411376695e-06	9.7384953223e-05	4.61513440123e-05	0.000107955237336	0.000137547221879	6.55287336422e-05	0.000118275438636	0.0430442656837	0.789811580936	0.166312665711
a31	3.78887388457e-05	6.269215539e-05	9.35691253923e-06	1.19560822322e-05	3.67188918091e-06	1.2984329362e-05	8.70753823447e-07	3.48672358898e-06	8.5469807741e-05	3.09497166708e-05	7.04481724453e-05	8.6274231793e-05	4.56135782141e-05	0.000186412639545	0.110601214961	0.793000113645	0.0957505656703
a20	6.08463373559e-05	9.89178815567e-05	1.36050840064e-05	1.62099960774e-05	5.02743392697e-06	1.66325647873e-05	1.22284287448e-06	4.49837719633e-06	9.48292959137e-05	3.61512205569e-05	8.09296441484e-05	0.000100485608431	5.09670330714e-05	0.000212217056515	0.132550881187	0.756420224548	0.110236375657
a29	7.35908791186e-05	0.000121985259186	1.68958522021e-05	2.01380991925e-05	5.89255570899e-06	1.81809099291e-05	1.37888269149e-06	5.02417089878e-06	9.58548986379e-05	4.23611238523e-05	9.72418863828e-05	0.00012130379281	5.83458646905e-05	0.000123942352172	0.046069660129	0.812849498183	0.140278771886
a8	0.000103733196373	0.000162018888395	1.62485642674e-05	1.80461658975e-05	4.95270763633e-06	1.5793933643e-05	1.3202132305e-06	5.98785746626e-06	0.000123864129546	6.27064866174e-05	0.000152379720461	0.00020779500427	9.67027552302e-05	0.000139988510724	0.018271801643	0.874213889394	0.106402830629
a20	0.000142803497124	0.000213801772798	1.79850047558e-05	1.75115136325e-05	4.60438597878e-06	1.45622812143e-05	1.4228333435e-06	7.23464448875e-06	0.000157741323182	8.34797955391e-05	0.000209128800154	0.000292655761423	0.00013493085641	0.000179805026908	0.00952531274767	0.891909009798	0.0970879952097
a31	8.17282852607e-05	0.000120773513143	1.00338178953e-05	1.22590482108e-05	3.59885709293e-06	1.41811654048e-05	9.582229145e-07	4.83631616292e-06	0.000138353564394	5.3738749513e-05	0.000131407106385	0.000177830381474	8.857203647e-05	0.000295052652303	0.110371061716	0.827640116599	0.0608554354032
a10	4.88706763062e-05	7.81208519243e-05	9.22352894177e-06	1.39549310703e-05	4.42201059764e-06	1.70345771349e-05	1.0014583715e-06	4.18636672097e-06	0.000118199519798	3.7856714171e-05	8.69122031283e-05	0.000110670654825	5.84919501567e-05	0.000303527140768	0.142405023505	0.7655824222	0.0911200671344
a31	3.79144340317e-05	6.38857513514e-05	8.95441736059e-06	1.51956970234e-05	5.11458809921e-06	2.0222799045e-05	1.09602142383e-06	4.15497400699e-06	0.000117126711599	3.24285067237e-05	7.10319400428e-05	8.68273479417e-05	4.68295640522e-05	0.000296991070256	0.138192660768	0.759758924067	0.101240634378
a20	3.55418966069e-05	6.09894124938e-05	8.0045740002e-06	1.43210100078e-05	5.16921723307e-06	2.01386056817e-05	1.11199444128e-06	3.75471593566e-06	0.000103052309866	2.49070145746e-05	5.02778210143e-05	5.87324256472e-05	3.34560263507e-05	0.000281837414752	0.136576030689	0.723526341356	0.139196330126
a31	3.47506456366e-05	6.00216829826e-05	7.6914724134e-06	1.45052873359e-05	5.48238594436e-06	2.17065248939e-05	1.16965478043e-06	3.72602867855e-06	0.000100965425955	2.25384341915e-05	4.31604746714e-05	4.90535778824e-05	2.86063744502e-05	0.000270041949584	0.130003710663	0.717436913785	0.151895963975
a24	1.23263513799e-05	2.40882564789e-05	3.8990500178e-06	1.92269367786e-05	7.04235464812e-06	3.13644826313e-05	1.05368189348e-06	3.12041692618e-06	0.000109086566985	1.72432033972e-05	2.83905172238e-05	2.76451439608e-05	2.03517761501e-05	0.000280227424528	0.135268117554	0.798193471262	0.0659533085917
a46	2.624731986e-05	4.6292295493e-05	5.6793454726e-06	2.12247352595e-05	7.17863544937e-06	2.85164415438e-05	1.06421489783e-06	2.94723150873e-06	7.66867853283e-05	1.80735747991e-05	3.37376117413e-05	3.72871653203e-05	2.06332203834e-05	0.000130166717843	0.0529556616513	0.815789443754	0.130799096197
a27	3.75594242867e-05	6.48814244977e-05	6.7870743242e-06	1.40307914198e-05	4.60361121646e-06	1.60462305146e-05	8.8456319261e-07	2.73825346958e-06	5.58835054428e-05	1.9860034933e-05	4.24149075804e-05	5.14000747734e-05	2.47929434611e-05	6.98664776143e-05	0.0188760383504	0.810737247918	0.169974908732
a23	5.34801757622e-05	8.50972574992e-05	6.7364824414e-06	1.09636488066e-05	3.41235123882e-06	1.13526928382e-05	7.80067357537e-07	2.97148322319e-06	5.84063974809e-05	2.5066689311e-05	5.64810095268e-05	7.20858992578e-05	3.42810168204e-05	6.55088558714e-05	0.00818039048347	0.861728845973	0.129604116244
a31	5.13902182664e-05	7.67032001264e-05	5.3682662138e-06	1.45516959355e-05	5.30981207961e-06	2.40891429461e-05	1.15946241918e-06	4.54766840773e-06	0.000150263335827	3.20185947703e-05	6.10080565089e-05	7.11292347526e-05	4.36539486068e-05	0.00037093865529	0.111116968528	0.802951731991	0.0850191821813
a8	2.26674791011e-05	3.47875913355e-05	3.13558167127e-06	1.41363296452e-05	5.58030625987e-06	2.70403121154e-05	1.13342690639e-06	4.10705366924e-06	0.000162670401942	2.47623475901e-05	4.01936531696e-05	4.02656352509e-05	3.23264673689e-05	0.000450229865097	0.144649079529	0.70379897733	0.150688877494
a31	1.30875850727e-05	2.07774290352e-05	2.36902909042e-06	1.60673835484e-05	6.83028198662e-06	3.42670091718e-05	1.2900707688e-06	4.22200178975e-06	0.000175564967314	2.147176853e-05	3.04125450565e-05	2.68397070836e-05	2.4531711623e-05	0.000412993325032	0.124585089863	0.701829925777	0.172794224231
a20	8.8551077299e-06	1.50837429351e-05	2.11267626347e-06	1.69715178495e-05	7.38084749554e-06	3.70078087239e-05	1.33935333627e-06	4.18905179658e-06	0.000179203886438	1.983021861e-05	2.59803466855e-05	2.06508303612e-05	2.11371422077e-05	0.000399750149677	0.117892132811	0.682002975259	0.19934542981
a13	9.6779402433e-06	1.82467293117e-05	2.39008085449e-06	9.22251294983e-06	3.80788246518e-06	1.62225237746e-05	7.14422925423e-07	2.08386873219e-06	6.99558228127e-05	1.07130478033e-05	1.70219958952e-05	1.63978341204e-05	1.15488134026e-05	0.000141058657892	0.0397974498937	0.70164715842	0.25822635327
a31	5.48923967777e-06	1.14104303372e-05	2.3067919515e-06	2.35511919833e-05	9.54942795506e-06	4.76637344582e-05	1.71992610847e-06	5.73769374406e-06	0.000254557290938	2.81979217678e-05	3.71890289651e-05	2.79640130401e-05	3.05478741342e-05	0.000572622785964	0.122173189398	0.73820478614	0.13856349159
a18	6.67050815592e-06	1.33973896791e-05	2.76900608383e-06	2.93373453278e-05	1.20228822517e-05	5.91950401527e-05	2.17799571282e-06	7.11067021469e-06	0.000314407936979	3.38829144893e-05	4.30472623217e-05	3.08421350134e-05	3.63695939781e-05	0.000714313509821	0.149320417026	0.66346049538	0.18591354103
a31	7.05699438364e-06	1.3995648543e-05	2.83646766128e-06	3.49260117759e-05	1.52673743506e-05	7.49132653842e-05	2.65025398094e-06	7.75570003823e-06	0.00032613975566	3.28329303964e-05	3.86568834406e-05	2.63140813378e-05	3.11823182594e-05	0.000628367217774	0.126249722902	0.67040809846	0.202099337477
a29	4.35081579288e-06	9.42634849767e-06	2.40530578709e-06	3.63473929253e-05	1.61509859835e-05	7.98868127947e-05	2.73509071698e-06	7.81876817941e-06	0.000329288302887	3.18129209321e-05	3.59153169802e-05	2.31879634459e-05	2.87301675865e-05	0.000599218947458	0.118609215351	0.69911443282	0.181069112959
a31	3.45607588096e-06	7.98509118256e-06	2.6899888957e-06	5.02764466418e-05	2.20799738612e-05	0.000108243558598	3.67765676233e-06	1.02344348931e-05	0.000429377238629	4.02753011107e-05	4.37392328267e-05	2.68115518153e-05	3.39076843622e-05	0.000695727190686	0.1154107995	0.70868239094	0.174428334653
a6	1.80443397699e-06	4.12504854419e-06	2.26565170857e-06	5.35317973139e-05	2.35899878871e-05	0.000116172139699	3.93682047411e-06	1.0883559671e-05	0.00045988432361	4.21263240702e-05	4.43809755089e-05	2.59251320051e-05	3.46655771874e-05	0.000726046153429	0.114226278258	0.64321567698	0.241008705218
a31	1.25049143433e-06	2.79408453806e-06	1.88434987952e-06	5.45167288713e-05	2.4535883229e-05	0.0001223414734	3.81849521137e-06	9.81870393033e-06	0.00042291028527	3.69240667234e-05	3.72603097363e-05	2.10708230684e-05	2.77303574625e-05	0.000568464107676	0.0871770511777	0.64753952566	0.263948072073
a17	5.93185906777e-07	1.42512393602e-06	1.61610702651e-06	5.44322491904e-05	2.46435992297e-05	0.000123913946333	3.73734608046e-06	9.39524469344e-06	0.00041009095929	3.49546377745e-05	3.45030069121e-05	1.90450948061e-05	2.52100301742e-05	0.000515617985609	0.0781504060726	0.65011971522	0.270470661024
a31	3.81353685592e-07	1.03995166867e-06	1.7209692755e-06	6.30068979635e-05	2.72564392299e-05	0.000136744060644	3.93074987015e-06	9.69892228115e-06	0.000443447283963	3.68799794582e-05	3.6410221304e-05	1.99773153854e-05	2.47587544114e-05	0.000471260311586	0.0631037710375	0.66198361174	0.273636069341
a20	2.86048191864e-07	8.7512571289e-07	1.75623334183e-06	6.59329548878e-05	2.818986286e-05	0.000141165251648	4.00318062338e-06	9.80360239372e-06	0.000454546830088	3.75060827194e-05	3.70110421347e-05	2.02454049951e-05	2.45898192705e-05	0.000456461036629	0.0580910549458	0.655041183913	0.285585365447
a28	3.11442010621e-07	8.15565504297e-07	7.15790243943e-07	2.28064061959e-05	9.89420740333e-06	4.84426762493e-05	1.41783163446e-06	3.40547099457e-06	0.000152772340229	1.28972655398e-05	1.28894306116e-05	7.24174099837e-06	8.49751374683e-06	0.000153109660843	0.0195337576353	0.609440341304	0.370590675149
a20	3.57121426874e-07	9.90513334766e-07	3.95399874648e-07	8.48149479863e-06	3.76906156778e-06	1.76081885498e-05	5.5472038482e-07	1.32412358486e-06	5.3098849843e-05	4.97716321327e-06	5.30659937053e-06	3.34490846612e-06	3.42009213894e-06	5.31060511477e-05	0.00687444069843	0.724345280435	0.268623508383
a31	3.90910582291e-07	1.85132307826e-06	3.26035770488e-06	9.27694653329e-05	3.30194616226e-05	0.00015867266505	4.95353787494e-06	1.3651835885e-05	0.000668230758281	6.22275360378e-05	6.85309707568e-05	4.11165581554e-05	4.27390980796e-05	0.000646489198716	0.0551802669995	0.788532860145	0.154448943128
a17	2.78144924097e-07	1.77196360942e-06	4.15960350496e-06	0.000120737815811	4.27810208742e-05	0.00020558206295	6.42054232498e-06	1.7705502685e-05	0.000872263509394	8.09877205326e-05	8.90738985656e-05	5.31931597585e-05	5.55230044499e-05	0.000843129682785	0.0710898332832	0.682469736715	0.244046844709
a31	1.99239908032e-07	1.28528231981e-06	3.20795427165e-06	0.000113588022637	4.26057906247e-05	0.000203327595583	5.79291114166e-06	1.41300946183e-05	0.000685803559765	5.82306103642e-05	6.06585791685e-05	3.46712169595e-05	3.52515765733e-05	0.000533610310808	0.0447222820444	0.676648728905	0.276836669903
a39	1.52231689344e-07	1.0817765066e-06	2.87964480255e-06	0.000111220072812	4.25669891749e-05	0.000202675077094	5.57495771389e-06	1.29203038128e-05	0.000623600983855	5.06044344447e-05	5.11375369462e-05	2.84491090332e-05	2.84612113811e-05	0.000430381929269	0.0359449016715	0.679559809635	0.282903644968
a20	9.0587198448e-08	4.815277022e-07	1.01716418618e-06	3.77713033373e-05	1.4710124725e-05	6.9019446198e-05	1.93402787296e-06	4.40934584427e-06	0.000208616106618	1.70667645149e-05	1.72670632954e-05	9.6506896044e-06	9.61033269037e-06	0.00014402460269	0.0121240386538	0.601081183212	0.386259148323
a31	1.70497614816e-07	1.48053413407e-06	3.60051876873e-06	0.000135413178246	5.0366074275e-05	0.000230617890666	6.67231159265e-06	1.49955559148e-05	0.000692171316939	5.79084918816e-05	5.81813161885e-05	3.24778430815e-05	3.07248939368e-05	0.00043222353483	0.0299465579913	0.721839861071	0.246466620441
a23	1.88155026605e-07	1.77789342069e-06	4.44753866624e-06	0.000167866877515	6.22386725017e-05	0.000284337549589	8.25365814222e-06	1.85063920016e-05	0.000853065623013	7.14533228939e-05	7.17304470095e-05	4.00188857155e-05	3.77145675369e-05	0.000528031930877	0.0358069506271	0.651431347024	0.31061212448
</S>	1.01658595803e-07	9.11379024345e-07	2.24260544812e-06	8.42743559075e-05	3.14486128658e-05	0.000142975853845	4.18107348811e-06	9.3070340458e-06	0.000426752137557	3.57919298469e-05	3.59221059248e-05	2.00500698902e-05	1.88923681054e-05	0.000264167744339	0.0179327402585	0.496259583512	0.48473068224
