 	i	bambini	non	possono	mangiare	non	possono	mangiare	il	gelato	prima	di	mangiare	</S>
a31	4.5680535e-06	6.2927886e-07	8.94879675e-07	1.80054205e-05	3.8772401e-05	2.09587325e-05	0.00012229881	0.00014401591	0.00015043178	0.000234488585	0.0012728622	0.07287284	0.90911023	0.01600901225
a27	0.0012410691415	0.000397049572987	0.000416892017925	0.0011677362635	0.000775355662	0.000336048945167	0.00065232222	0.00053020702	0.00047323046	0.000938243971667	0.00299822776667	0.0424743563333	0.89362089	0.0539783479167
a20	0.00216844144717	0.000680951374329	0.000710258219308	0.00207096452117	0.00138897542067	0.000589611648389	0.00109390367333	0.000852099873333	0.000732414273333	0.00159156245722	0.00473376258889	0.0240747074444	0.851363356667	0.107948962639
a31	0.00124060030774	0.00037912300449	0.000391977797129	0.00121905593935	0.000848300828423	0.00035560147753	0.000672623041443	0.000526614365444	0.000455310625111	0.00101597062361	0.0029402503453	0.0152668914815	0.895136852222	0.0795508288797
a37	0.00113188512793	0.000346296531211	0.000369525409736	0.00113259187874	0.000782773431008	0.000325890370577	0.000604129830814	0.000467317246148	0.000370212889037	0.00069064287907	0.00221051069743	0.0097101075605	0.853189270741	0.128668837627
a31	0.00109564677029	0.000335354285572	0.000362041364213	0.00110380432098	0.000761171346069	0.000316220690759	0.000582482770938	0.000449220841383	0.000343925839012	0.000582612498457	0.00196851849481	0.00842362358683	0.838734190247	0.144941159809
a27	0.00101059461774	0.000309806937026	0.000339821732373	0.00099910983506	0.00068103435109	0.00028109493082	0.000512684417646	0.000394103213128	0.000291650255671	0.000445549038252	0.0016254239606	0.00746849296228	0.816407010082	0.16923360387
a37	0.00112526629258	0.000337588675675	0.000371103497458	0.00114252230169	0.000809292210363	0.000333130570273	0.000622711479215	0.000481991934376	0.000356213118557	0.000545285719417	0.0019587171202	0.00649920342076	0.752276633361	0.233140317957
a31	0.00051816943817	0.00014883321582	0.000162398301935	0.000559615155263	0.000426923908454	0.000176673785558	0.000349934530405	0.000279493363459	0.000216977925186	0.000334267112472	0.0011177627854	0.00867013980692	0.852083277787	0.134955533252
a22	0.000669144900033	0.000193606332535	0.000207027333427	0.000669773316454	0.000479237014485	0.000197185280653	0.000373164620802	0.000292587433153	0.000225446994062	0.000338210936824	0.00112980724047	0.00887485950231	0.838518565929	0.147831375017
a31	0.000719456581154	0.000208529350245	0.000221901754054	0.000706419978451	0.000496465898995	0.000203927806684	0.000380410868267	0.000296321314384	0.000227585246354	0.000338535257275	0.00113137324849	0.00835874906744	0.834660078643	0.152050208339
a20	0.000761276841528	0.000232663989481	0.000253206227596	0.00071049683245	0.000472059460498	0.000194479488695	0.000344890450756	0.000264800691461	0.000195982907118	0.000259328244092	0.000956953984497	0.00738583362248	0.767342836214	0.220625176113
a31	0.000775209705594	0.000240708044999	0.000263639971599	0.000711833364467	0.000463974413699	0.000191445195232	0.000333745382252	0.000255312953154	0.000186561490373	0.000232564353031	0.000897941481166	0.00695951814083	0.745060335405	0.243427182238
a37	0.000572393716949	0.000172404006839	0.000194173342934	0.000562203841806	0.0003784400881	0.000155770347411	0.000279219252751	0.000215714123718	0.000155668054791	0.000173260942677	0.000703798680055	0.00660391424694	0.726889958468	0.262943030946
a31	0.000504794956278	0.000149636574316	0.0001710189009	0.000512437851302	0.000350674018033	0.000144606076804	0.000264748207584	0.000207570674573	0.000150972028264	0.000154562713892	0.000642233846685	0.00737169561565	0.719919552823	0.269455432715
a3	0.000345804312721	9.70099868083e-05	0.000113730786889	0.000363849287801	0.000255367738011	0.000102975719935	0.000201246819195	0.000161937931524	0.000118796332755	0.000105901814297	0.000451963135562	0.00743842967188	0.719829157608	0.270413786638
a31	0.000292826983727	7.94695526964e-05	9.46380863e-05	0.000314636204434	0.000225601040837	9.09522599783e-05	0.000189629274732	0.000159429058508	0.000121458299252	9.24801744323e-05	0.000397273542521	0.00943694035729	0.717761625869	0.270742999613
a18	0.000324095207396	9.67688113258e-05	0.000112200076104	0.000306513043311	0.000205525981779	8.49837666594e-05	0.000170030669911	0.000144910134169	0.000113408518084	7.88316578108e-05	0.00034270936484	0.00988973845243	0.666717818623	0.321412427271
a31	0.000334513264452	0.000102534845616	0.00011805341362	0.000303785285937	0.000199033484593	8.33619908865e-05	0.00016546315997	0.000142795558056	0.000113172596028	7.37536799369e-05	0.00032306320628	0.00959278115081	0.650102482874	0.338345199257
a39	0.000249180150137	7.38059403793e-05	8.6710779459e-05	0.000236980120146	0.000161689512198	6.86182256288e-05	0.00014317382999	0.000127505422685	0.000102928125343	5.79440473123e-05	0.00025607346676	0.00944449391694	0.648212854291	0.340778066586
a8	0.000310759863379	8.92933101264e-05	0.000108057123153	0.000309754220049	0.000209424517399	8.70918518763e-05	0.000164876319997	0.000132779780895	9.7253151781e-05	7.46555041041e-05	0.000329381312253	0.00383862820565	0.471053178097	0.523194902195
a21	0.000378223851126	0.000103540566709	0.000128966864384	0.00036301318335	0.0002392526858	9.79286939588e-05	0.000190633586666	0.000153503570298	0.000117865543927	0.000119143653035	0.000454083574084	0.00264841393522	0.495948606032	0.499056814065
a31	0.000310849344695	8.32410161363e-05	0.000104171381701	0.00028805730945	0.000201909251933	8.87201923196e-05	0.000225657855555	0.000219363946766	0.000190972104642	0.000125665694345	0.000453580134695	0.0144449208117	0.673583482011	0.309679368122
a28	0.000200836592552	5.73053939454e-05	7.02685874737e-05	0.000186134994817	0.000140545983978	6.79628717732e-05	0.000194619031852	0.000204578157255	0.000182237834881	7.8207346115e-05	0.000299807001565	0.0175782319539	0.620069774004	0.360669466141
a37	0.000235521004184	6.45126959818e-05	7.96620391579e-05	0.000239433718272	0.000173670457993	7.27367039244e-05	0.000166814760617	0.000148828820752	0.000115135021627	6.88106533717e-05	0.000293804140522	0.0065601560013	0.466785984668	0.524994912047
a20	0.000304171264728	7.36100369939e-05	9.3725676386e-05	0.000321489466091	0.000230863745998	8.85605379748e-05	0.000198941130206	0.000165209770251	0.000119978160542	0.000100162137791	0.000413705026841	0.0035300214671	0.534040218223	0.460319320682
a31	0.000255946785009	6.08106603946e-05	7.7760663302e-05	0.000265431203364	0.000218925375333	0.000100766062658	0.000323907076735	0.000340192203417	0.000283641516847	0.00011826882593	0.000469901515614	0.0189556786224	0.686682616074	0.291846146061
a28	0.000126843255103	3.23197881949e-05	4.0866610274e-05	0.000135397502455	0.000141280155111	7.9767625886e-05	0.000305308712245	0.000349516364472	0.000301477630616	8.06937496433e-05	0.000323244960205	0.0233833185875	0.602931762025	0.371768201187
a20	0.000117969105034	3.06802797316e-05	3.90920870913e-05	0.000126482174152	0.00010821699337	5.26675042953e-05	0.000154025467415	0.000159332268157	0.000130163253539	4.51073342144e-05	0.000185453678402	0.0081426039425	0.399954834008	0.590753387062
a31	7.44615544113e-05	1.81699050372e-05	2.37224932738e-05	9.25426587173e-05	0.000127070546123	8.16993854318e-05	0.000349013965805	0.000409739006052	0.000338372889513	6.48763360715e-05	0.000260754756134	0.0200761150142	0.585625968003	0.392457517421
a20	3.89633608704e-05	1.02185851391e-05	1.30617260013e-05	5.37671085724e-05	0.000111709583374	8.34297661439e-05	0.000395045591935	0.000477443496017	0.000396393319838	6.24960761905e-05	0.000251439055378	0.0238399880681	0.548102349334	0.426163694207
a17	3.79879919568e-05	9.89846694637e-06	1.28817276671e-05	4.83742785241e-05	6.35872557913e-05	4.03864313813e-05	0.000157454631978	0.000181438892672	0.000148296403946	2.82895358968e-05	0.000112177689459	0.00813527219937	0.338849143111	0.652174798069
a13	6.69298423189e-05	1.40533418821e-05	1.9851421889e-05	8.61113368414e-05	8.17247052638e-05	3.90633041271e-05	0.000113817521993	0.000114679320891	8.88424766487e-05	3.20328649656e-05	0.000122780464153	0.00336394051312	0.416935081037	0.578921099356
a31	6.6936965573e-05	1.32034688007e-05	1.90067505963e-05	0.000112721438947	0.000256141111755	0.000177396440042	0.000866483520664	0.00099908276363	0.000730343006883	0.000107918820322	0.000487104001384	0.026000309171	0.629275327012	0.340888015452
a13	3.0688058991e-05	6.27607297357e-06	8.95109826543e-06	7.67377829823e-05	0.000277352689918	0.000209428233347	0.00108068730889	0.00126147961654	0.000920601105628	0.000117319468107	0.000548007888128	0.0330825140737	0.555861482337	0.406518420817
a28	2.8465871997e-05	5.95527652452e-06	8.55135268848e-06	5.37546943274e-05	0.000121131050639	8.3428448449e-05	0.000391890708297	0.000448873360847	0.000326244648543	4.56536400357e-05	0.000209378433709	0.0112571518746	0.371058200779	0.615961273606
a31	2.36122436657e-05	4.31526554151e-06	6.53309332949e-06	8.83298581091e-05	0.00039077038488	0.000303809296816	0.00160926107277	0.00185548304695	0.00123826879285	0.000121626179345	0.00057969409457	0.0281911521249	0.565561533593	0.400025591202
a41	1.25359825552e-05	2.15544341384e-06	3.3374188765e-06	8.36643460364e-05	0.00046443593296	0.000370500249939	0.00199750005959	0.00230874498898	0.00153163197962	0.000142659655915	0.000686061315857	0.033673980345	0.527281414531	0.431441380401
a8	7.47112035173e-06	1.44279257128e-06	2.18651289217e-06	3.42128886788e-05	0.00016330682332	0.00012877504148	0.000677619491863	0.00078111390466	0.00051906139654	4.9292059105e-05	0.000234449695286	0.011299967225	0.286971854844	0.699129243467
a33	6.51775961724e-06	1.15735669043e-06	1.94500826406e-06	2.16551662263e-05	6.995346944e-05	5.32772603267e-05	0.000249414645954	0.000284991722553	0.000193171528513	2.14979482017e-05	9.0134450762e-05	0.00395434234167	0.271728564948	0.723323347822
a31	1.31001908724e-05	1.50075236348e-06	2.92236675469e-06	0.000172047065409	0.000955446043813	0.000674888169442	0.00382127842732	0.00414807092685	0.00228044925117	0.000161099810234	0.000919617063587	0.0230652845739	0.484533988316	0.479250261274
a20	1.27679036908e-05	1.22545361116e-06	2.5019822949e-06	0.000215624160336	0.0012408847066	0.000875714660981	0.00499745226677	0.00542046566928	0.00296324902729	0.000203883851711	0.00118789128086	0.0293104370893	0.477854637439	0.475713222425
a33	5.05315673027e-06	5.58961377053e-07	1.0911367683e-06	7.43844326453e-05	0.000418549677867	0.00029574850116	0.00167471527659	0.00181647050676	0.00099531843733	6.8990832437e-05	0.000398607320953	0.0098283220511	0.251912087146	0.732510064142
a24	3.37358990101e-05	4.09972967568e-06	6.83248168277e-06	9.78962382151e-05	0.000249275489622	0.000145754160053	0.000721024738863	0.00076197505892	0.000427016370443	4.7162054379e-05	0.000302772541318	0.0068004424737	0.436378395715	0.554023574714
a31	6.41303233367e-05	6.84792555856e-06	1.21720692276e-05	0.000484636232738	0.00237991914321	0.00171171567002	0.00883073616295	0.00950136931964	0.00514019333015	0.00036394565146	0.00210422994711	0.0410506901579	0.692669831905	0.235679561571
a20	4.29224441322e-05	3.97671748952e-06	7.7062773492e-06	0.000542934151679	0.00298564101174	0.00219075692477	0.0113813190286	0.012269148302	0.00662457584938	0.000446400979353	0.00253744419764	0.0490070323333	0.523971520635	0.387988620524
a31	2.98684600641e-05	2.93847013317e-06	5.7982080564e-06	0.000457861641326	0.00262884866791	0.00193303067636	0.0109560313172	0.0119694102962	0.00586144602246	0.000348122221984	0.00186543218115	0.0307251313918	0.481960850212	0.451255230175
a13	2.52962367014e-05	2.54799170572e-06	5.09020347013e-06	0.000428853441242	0.0025086213854	0.00184612484225	0.0108120781191	0.0118672264833	0.00560537662272	0.000315170897075	0.00164082195895	0.0246200855989	0.459232905071	0.481089783392
a3	9.58353024713e-06	1.02362046324e-06	1.98968477471e-06	0.000147796357214	0.000847492020567	0.00062249954255	0.0036275611731	0.00398092911567	0.00188470465414	0.000106351489905	0.00055140204255	0.00838302886797	0.345828423357	0.634007194464
a31	3.30687054157e-05	3.47157972108e-06	6.7945314249e-06	0.000524866585071	0.00297090690286	0.00216023969252	0.0125892528444	0.0137432296086	0.00625319338271	0.000324233431102	0.00172123207185	0.021040980156	0.540802374452	0.397826161488
a10	3.98542477086e-05	4.13527417369e-06	8.13840178063e-06	0.000646217475924	0.00366917134002	0.00266742975161	0.0155584188618	0.0169786869112	0.00769757483857	0.000395751449454	0.00210724238178	0.025110026502	0.468073868151	0.457043483829
</S>	2.00178927093e-05	2.08559798685e-06	4.09805634882e-06	0.000323567659312	0.00183626772861	0.00133540985696	0.0077847378014	0.0084960220181	0.00385330648579	0.000198045633357	0.00105410197764	0.012580229926	0.281249599076	0.681262491915
