 	non	mangiare	la	sera	</S>
a31	0.21861349	0.695273695	0.02885407	0.05642744425	0.000831332
a41	0.172151428	0.473147288333	0.0259026551	0.327333867583	0.00146476076667
a21	0.081495466	0.202606456111	0.0154076308	0.696280422528	0.00421001068889
a28	0.105522380667	0.33595512537	0.0164218412667	0.532393747509	0.0097069058963
a31	0.174217576889	0.598991945123	0.0160691887556	0.19994582517	0.0107754814988
a17	0.245905758963	0.638215348374	0.0157704169185	0.0750840380567	0.0250244883663
a31	0.212228924321	0.508877502791	0.0230816903062	0.116762719686	0.139049209455
a20	0.16462881944	0.395119667597	0.0576392487687	0.144782897895	0.237829363152
</S>	0.19355863472	0.379938683799	0.0850501543843	0.102158665948	0.239293836576
