 	noo	abbiamo	deciso	che	oggi	avevamo	andare	alla	spiaggia	con	mio	fratello	però	lui	sapeva	che	faceva	freddo	e	non	è	venuto	ma	ma	lì	che	il	mare	non	mi	piace	quando	fa	freddo	</S>
e	0.965177	0.00403893	0.00899326	0.0085683	0.00634901	2.7262e-05	1.84303e-05	9.27665e-06	1.81003e-06	0.000502577	1.00991e-05	0.00492253	1.8033e-05	1.8635e-05	4.95813e-05	2.26657e-05	2.51376e-06	7.96178e-06	4.56878e-06	5.3684e-05	0.000227765	0.000123805	0.000285652	0.000262057	3.66215e-06	1.30839e-05	8.09629e-07	2.87055e-06	2.75483e-05	1.08698e-05	1.74165e-06	2.78734e-06	1.00213e-05	5.68798e-05	0.000173986
m	0.301458	0.0331624	0.00908125	0.0453648	0.0942872	0.00504647	0.0148531	0.00275753	0.000238482	0.0415637	0.0062079	0.0407688	0.0226304	0.0262406	0.0314056	0.0152191	0.000233767	0.00798486	0.00420529	0.0234003	0.0787365	0.0801523	0.0396505	0.047106	0.000459323	0.0107246	0.000113842	0.000953859	0.00536151	0.0082282	3.85237e-05	0.00014117	0.00204352	0.000108047	7.25757e-05
ì	0.0616354	0.807197	0.00988298	0.0397267	0.00472867	0.031154	0.00629965	0.00220395	3.85518e-05	0.00205873	0.000305755	0.00264951	0.00322481	0.00576777	0.00207494	0.00204406	0.000151213	0.00326416	0.0010033	0.000151613	0.00255286	0.00423735	0.0010073	0.00117885	5.77507e-05	0.00139738	1.9986e-05	0.000204243	7.18187e-05	0.000557272	3.14698e-05	0.000405067	0.00157108	0.000847225	0.000297379
d	0.0170956	0.959578	0.00274725	0.0108308	0.00729813	5.40694e-05	1.79716e-05	2.38177e-06	8.14918e-08	0.000100149	1.48639e-06	0.0019166	8.35513e-06	1.91253e-05	9.79199e-05	9.75998e-06	4.98912e-07	6.0976e-06	7.77718e-07	1.56498e-06	2.4522e-05	2.47592e-05	4.43596e-05	4.17057e-05	5.12371e-07	4.28706e-06	1.89527e-07	7.01181e-07	4.80391e-07	1.30447e-06	7.51365e-07	1.65935e-05	7.10053e-06	3.48187e-06	4.2912e-05
e	0.575669	0.0882913	0.0707287	0.116398	0.0895597	0.00141089	0.00350972	0.000702456	0.000287962	0.00401212	0.00173971	0.0100713	0.00203579	0.00149021	0.00437272	0.00119074	0.000100207	0.00128612	0.000414722	0.0023429	0.00439255	0.00507975	0.0035022	0.00421648	0.000680072	0.0015448	4.44829e-05	0.000363046	0.000600007	0.0011136	1.04737e-05	0.00011183	0.000213878	0.00195535	0.000556857
c	0.0206465	0.00410927	0.93837	0.0322348	0.000109232	0.000405316	0.000638631	0.000218986	5.36748e-05	0.000177389	0.00054232	7.98871e-06	0.000177803	3.01748e-05	2.28083e-06	0.00031079	2.54996e-05	1.49967e-05	4.63864e-05	0.000185365	0.000146004	0.000132594	0.000291414	0.000327283	7.53388e-05	0.000256362	8.83082e-05	0.000165943	4.23991e-05	0.000128181	8.39891e-06	8.78884e-07	2.86881e-05	3.22618e-07	1.00663e-07
i	0.0508885	0.080092	0.494078	0.19969	0.020606	0.0217686	0.0102559	0.00355254	0.000444882	0.00176544	0.00134143	0.00162421	0.000996052	0.00172628	0.00215399	0.00161653	0.00137342	0.00235398	0.00108778	0.00233176	0.00194351	0.00196775	0.00252599	0.00234737	0.00349859	0.0064676	0.00189374	0.00343551	0.00218156	0.00312129	0.00239223	0.00765258	0.00739909	0.0044354	0.0489905
d	0.00535353	0.000632307	0.797421	0.0911881	0.0012128	0.00199662	0.00721222	0.00410471	0.00330641	0.00364402	0.00753983	0.00019411	0.00474276	0.000922173	0.000135338	0.00411507	0.0041328	0.000615691	0.00345743	0.00520552	0.00362237	0.00347527	0.00422804	0.00461091	0.0146201	0.0043129	0.000931664	0.00561853	0.00371046	0.00486694	0.000917094	7.91772e-05	0.00167089	0.000114135	8.94982e-05
è	0.0164959	0.0130314	0.1445	0.584054	0.0405705	0.0285292	0.0206231	0.00559179	0.00107778	0.00219155	0.00332736	0.00175931	0.00180795	0.00202911	0.00148533	0.00250881	0.00409542	0.00204797	0.0014118	0.00315818	0.00244178	0.00288361	0.00316801	0.00343356	0.0116015	0.00803014	0.00271296	0.00841995	0.00262219	0.00383551	0.00596318	0.00681441	0.00907516	0.00592859	0.0427731
t	0.000531878	0.00406371	0.02523	0.310924	0.622227	0.000596941	0.00107847	0.000170965	1.92471e-05	0.00430794	0.00064365	0.0136717	0.000919677	0.000599253	0.00293033	0.000817769	2.9057e-05	0.000326956	4.45549e-05	0.000291066	0.00159466	0.00158425	0.00311281	0.00333534	7.8654e-05	0.000317934	4.25373e-06	5.65826e-05	3.65144e-05	0.000136307	1.11958e-05	7.98204e-05	5.50291e-05	3.18389e-05	0.000141373
s	0.0119516	0.00379169	0.116885	0.654318	0.131705	0.0151012	0.0122188	0.00320838	0.000367796	0.00495759	0.00317538	0.00939133	0.00327334	0.00190618	0.00501375	0.0012888	0.000184085	0.00200464	0.000714041	0.000914552	0.00206948	0.00392517	0.00187113	0.00301977	0.00049106	0.00168214	0.00016997	0.00104412	0.000210672	0.00128273	3.0923e-05	0.000246722	0.000200576	0.00107474	0.000309622
a	0.000388288	0.0302922	0.0121626	0.0655437	0.252011	0.0900702	0.048698	0.0515669	0.0210047	0.0280167	0.0286518	0.0405485	0.041936	0.0301746	0.0405933	0.012294	0.00549822	0.029119	0.0132432	0.00413583	0.0117794	0.0284979	0.00604068	0.0145182	0.00713629	0.00580944	0.00401029	0.0113257	0.00113994	0.0082436	0.000645877	0.00207141	0.00123892	0.0455698	0.00602434
m	0.000985782	9.18621e-05	0.0339062	0.811944	0.00236977	0.015418	0.0295859	0.0106329	0.00325006	0.00258113	0.0176871	0.000187995	0.00548008	0.000696959	2.73517e-05	0.00340334	0.00631757	0.000238818	0.0018281	0.00231059	0.0018009	0.00365	0.00184477	0.00420502	0.00641083	0.00288895	0.0041443	0.0185866	0.000919592	0.00276836	0.00273911	5.67861e-05	0.00102368	8.5042e-06	9.47364e-06
o	0.00475943	0.0037384	0.0254458	0.747004	0.042587	0.0314109	0.0125698	0.00461872	0.000906307	0.00167317	0.00192092	0.00163149	0.00129311	0.00177367	0.0023792	0.00161509	0.00251604	0.00256915	0.00114195	0.0016827	0.00151252	0.00177581	0.0020156	0.00195369	0.00724111	0.00531789	0.00170231	0.00446335	0.00151308	0.00260945	0.00321929	0.00764751	0.00580746	0.00583191	0.0541518
k	0.000286477	1.30856e-05	0.00443465	0.728914	0.00819454	0.00380646	0.0181711	0.00769045	0.0164	0.00561347	0.0219121	0.000349093	0.0112337	0.000895139	0.000193069	0.00467775	0.0235007	0.000619778	0.00702213	0.00773588	0.00465827	0.00566419	0.00457485	0.00612309	0.0589983	0.00463356	0.00171967	0.0176733	0.00612924	0.0077671	0.00703316	0.000110594	0.00174637	0.000474419	0.00103031
a	0.00163564	0.00185287	0.00181984	0.769387	0.0416455	0.0482227	0.0204625	0.00755831	0.00124566	0.00161086	0.00232742	0.00102068	0.00114608	0.0014645	0.00121767	0.00172997	0.00330113	0.00233321	0.00107533	0.00155267	0.00122321	0.00144712	0.00211351	0.00192036	0.0075317	0.00757299	0.00218059	0.00629634	0.0014018	0.00316273	0.0052279	0.00897638	0.00794836	0.00212459	0.0282634
s	0.000325829	1.98065e-05	0.00135251	0.494123	0.0337898	0.0134249	0.0406931	0.0158776	0.030348	0.0104105	0.0406657	0.000754164	0.0224882	0.00177003	0.000436003	0.00778814	0.04374	0.00122328	0.012652	0.0118441	0.00796149	0.010938	0.00720379	0.0104	0.0953439	0.0073713	0.00284027	0.0324519	0.00913105	0.0127261	0.0131647	0.000205053	0.00282757	0.00108746	0.00262107
ì	0.00124075	0.0014141	0.000992599	0.502602	0.0979379	0.113509	0.0665713	0.0214777	0.00307766	0.00311145	0.010437	0.00214249	0.00403976	0.00239576	0.00116394	0.00324502	0.0134428	0.00257742	0.00213897	0.00244628	0.0020461	0.003856	0.0027495	0.00393556	0.0152505	0.00888359	0.00422335	0.0255628	0.00172855	0.00471896	0.022245	0.00879846	0.00829802	0.00285587	0.0288838
m	1.40116e-05	0.000149129	1.00509e-05	0.0268678	0.92744	0.00186324	0.00138511	0.000246188	1.86759e-05	0.00320828	0.000557888	0.0204814	0.00167875	0.00110365	0.00732688	0.000432113	1.84799e-05	0.000560774	7.4733e-05	0.000130072	0.00115532	0.0023774	0.000787925	0.00153652	3.26162e-05	0.000123122	1.71654e-06	4.01582e-05	1.26847e-05	9.5233e-05	4.24107e-06	3.17598e-05	1.39266e-05	6.43595e-05	0.000156134
m	0.00218927	0.00153841	0.000153415	0.0948825	0.826227	0.0262852	0.00800351	0.00133525	0.000204295	0.00147167	0.000950564	0.00857816	0.00142545	0.00167916	0.0104491	0.000479162	0.000118401	0.00114654	0.00028046	0.000537775	0.00137538	0.00314335	0.000741255	0.00133073	0.000291788	0.000791588	0.000127361	0.000529802	0.000162475	0.000523657	1.97762e-05	0.000437216	0.00023746	0.001995	0.000357363
e	1.94442e-05	0.000432475	8.02221e-06	0.0188305	0.366716	0.073185	0.0256209	0.0164749	0.000522227	0.0184589	0.00192871	0.109463	0.0305319	0.0607952	0.110012	0.00780145	0.0010375	0.0415422	0.00767355	0.000408161	0.0135896	0.0356649	0.00230322	0.00607098	0.00049056	0.00217519	1.58392e-05	0.000728553	8.21511e-05	0.00243504	8.07981e-05	0.0049943	0.000756763	0.0269703	0.0121801
r	0.000188263	7.65437e-06	0.000762153	0.0175238	0.00787945	0.140061	0.127408	0.0510795	0.061966	0.031737	0.102892	0.0014416	0.0521003	0.00369358	0.000416534	0.0226025	0.034474	0.0014176	0.0312529	0.0235379	0.0193464	0.027991	0.0110429	0.0333045	0.0431156	0.0096893	0.0321706	0.0641219	0.00731115	0.0280388	0.00968647	0.00012978	0.00135441	0.000112018	0.000143575
i	0.000313394	0.000202887	8.96239e-05	0.0524533	0.12954	0.35633	0.090398	0.0308693	0.00144885	0.00824999	0.0156657	0.00489701	0.0071487	0.00743897	0.00343461	0.012247	0.0123094	0.00466861	0.0059447	0.00971781	0.00796187	0.0102349	0.00736738	0.01482	0.00851859	0.0171222	0.00870767	0.0358576	0.0033915	0.0141737	0.0318266	0.0208228	0.00624082	0.00259667	0.0569903
ì	5.75683e-05	5.5482e-06	4.90179e-05	0.00230854	0.00334137	0.381287	0.251961	0.0515062	0.0312871	0.0201968	0.0402448	0.00135861	0.0264768	0.00323166	0.000300686	0.00893217	0.0225197	0.00149441	0.0139438	0.0073755	0.0087546	0.0153525	0.00449582	0.0139435	0.0271298	0.00435951	0.00536325	0.0268896	0.00297169	0.0106999	0.00958813	0.000115262	0.00118772	0.000297431	0.000972508
c	0.000924758	0.000324607	8.54555e-05	0.00115425	0.0669751	0.70284	0.168527	0.0146867	0.00104726	0.00331227	0.00292748	0.00676137	0.00131739	0.000776581	0.00120084	0.00101772	9.49564e-05	0.000486676	0.00028627	0.00271981	0.00434502	0.00651391	0.00121202	0.00430877	0.000128207	0.00143378	0.00154323	0.00106761	0.00041228	0.00104698	4.08289e-05	0.000182069	0.000177211	9.01164e-05	3.10285e-05
h	0.00030894	0.000959288	7.97824e-05	0.00179099	0.138356	0.553631	0.190247	0.0235982	0.00141653	0.00613495	0.00349306	0.0100206	0.00297283	0.00578474	0.0153422	0.00225434	0.000761164	0.00260206	0.00156872	0.000632695	0.00169047	0.00313601	0.00252191	0.00321881	0.000752456	0.00703327	0.00213422	0.00467025	0.000343169	0.00448319	0.000179315	0.00504406	0.0024496	0.000286667	0.000102091
a	4.5436e-05	0.000198485	3.1926e-05	0.00140953	0.0371738	0.499546	0.101876	0.0215277	0.00159734	0.0617177	0.0218935	0.040516	0.0366997	0.0185638	0.0183367	0.0183293	0.000453681	0.0107353	0.00439843	0.00456676	0.0201306	0.0268224	0.0123692	0.0290998	0.000585832	0.00330537	0.000243987	0.0015652	0.000328868	0.00416526	0.000103113	0.000104172	0.000119973	0.000621193	0.000818081
m	0.000221974	0.000107525	5.69653e-05	0.000340787	0.000136821	0.474312	0.325394	0.0970247	0.00897617	0.00799942	0.0157549	0.00227947	0.00507917	0.00174452	0.0004594	0.00380324	0.00323499	0.000894854	0.00179309	0.00145385	0.00175036	0.00262829	0.00132456	0.00496439	0.00221995	0.00267245	0.0125898	0.0107633	0.000370288	0.00281901	0.003759	0.00087663	0.000709219	0.00035471	0.00113045
o	0.000245869	0.00183621	0.000131555	0.000927998	0.00529719	0.361911	0.307938	0.117778	0.0168556	0.00531268	0.011249	0.00224114	0.0050047	0.0050104	0.00384221	0.0040678	0.0144308	0.0064819	0.00359944	0.000996333	0.0012539	0.00220043	0.00341031	0.00290074	0.0109744	0.0152247	0.00505805	0.0192768	0.00100419	0.00756423	0.0123579	0.0205093	0.0125623	0.0012353	0.00930943
n	3.52132e-05	2.38739e-06	6.41468e-06	5.0825e-05	6.50841e-05	0.0270342	0.417994	0.170138	0.0907114	0.037896	0.0698812	0.00167123	0.0342171	0.00157683	0.000395773	0.00595254	0.0223468	0.000768619	0.0102674	0.00471018	0.0054285	0.00887928	0.00305707	0.0123811	0.025527	0.0031334	0.00311997	0.0190018	0.00206152	0.00929024	0.0101002	9.3852e-05	0.00068047	0.00029235	0.0012317
a	0.000137381	0.000299195	5.01863e-05	0.000452548	0.000899582	0.0671439	0.378141	0.214546	0.0351197	0.0179679	0.0232802	0.00645489	0.0122409	0.00941725	0.00465929	0.00697324	0.0232983	0.00794117	0.00885305	0.00215747	0.00326697	0.00610699	0.00664471	0.00803932	0.0182312	0.0210605	0.0070101	0.0301423	0.00202739	0.0178	0.0187294	0.0175543	0.0135581	0.000497999	0.00929742
p	3.16967e-05	3.3197e-06	8.42787e-06	3.81819e-05	2.76082e-05	0.0165933	0.270427	0.222442	0.132009	0.0481879	0.08522	0.00200479	0.0428443	0.00211976	0.00056114	0.00813527	0.0259673	0.00115952	0.0139	0.00543036	0.0065942	0.0100762	0.0036266	0.0154611	0.0260135	0.00380487	0.0054751	0.0215243	0.00212555	0.0119337	0.0127183	0.000127438	0.000712848	0.000441257	0.00225384
à	9.97819e-05	0.000359072	3.36896e-05	0.00025509	0.000399269	0.0877042	0.253657	0.300959	0.0278789	0.0205728	0.029464	0.00658082	0.0147841	0.0103413	0.00478815	0.00943289	0.0216738	0.0110078	0.0101903	0.00329579	0.00453746	0.00862715	0.0054412	0.0112807	0.0141723	0.0163226	0.00815126	0.0318296	0.00167465	0.0168917	0.023944	0.0176906	0.00741782	0.00120344	0.017338
m	2.22861e-05	0.000401436	1.62254e-06	6.46215e-05	0.0122615	0.04017	0.086408	0.0289302	0.000978287	0.0651845	0.00425745	0.33742	0.0244701	0.0385146	0.250872	0.00587394	0.00010152	0.0221246	0.00176579	0.00121829	0.0175077	0.0318774	0.00525286	0.0159405	0.000112952	0.00176604	2.83819e-05	0.000220182	9.28477e-05	0.00190542	1.3475e-05	0.000768586	0.000126947	0.00140347	0.00194269
e	0.000821968	0.003027	6.92454e-05	0.000727751	0.0283889	0.2158	0.310958	0.138303	0.00539837	0.0144916	0.0104621	0.0243266	0.00896451	0.0176657	0.0672195	0.0072886	0.00165571	0.0118004	0.00384486	0.0043961	0.00881701	0.015613	0.00594751	0.0151018	0.00152257	0.0154924	0.00741708	0.009147	0.00103671	0.0107232	0.000637374	0.0235037	0.00388446	0.00397048	0.00157583
s	9.81138e-06	7.48675e-07	7.13113e-06	1.1215e-05	1.55571e-06	0.00138856	0.0263616	0.133939	0.118056	0.130772	0.18719	0.00446158	0.099951	0.00464718	0.000857745	0.0367781	0.0113693	0.00303218	0.0210981	0.0117839	0.0175621	0.0118352	0.0164782	0.0578643	0.00903899	0.0131571	0.0323208	0.0149368	0.00234218	0.0299907	0.00189268	9.48446e-05	0.000473945	0.000149968	0.000145564
t	4.53883e-05	0.000139893	1.47819e-05	0.00011183	0.000173647	0.0154207	0.0865797	0.329247	0.0261516	0.0398933	0.028926	0.00975734	0.0163119	0.0194515	0.01375	0.0205671	0.0145148	0.0298255	0.0156406	0.00726737	0.00875182	0.0086736	0.0177518	0.0208718	0.00824205	0.0520515	0.0124382	0.0220153	0.00404258	0.03993	0.0156629	0.0594499	0.0125454	0.00166742	0.0421155
i	2.31292e-05	6.05956e-05	0.000118773	9.065e-05	2.25391e-05	0.0547439	0.0603634	0.176808	0.186184	0.0348673	0.0252758	0.00224031	0.0269704	0.0162403	0.00414238	0.0183562	0.0314305	0.0287968	0.046696	0.00536526	0.00889402	0.0104615	0.0116546	0.0125991	0.0220361	0.0244746	0.0500146	0.0258216	0.00341841	0.0399666	0.0214794	0.00246322	0.00531934	0.00261811	0.039982
s	1.34117e-05	2.01338e-06	4.50385e-06	1.35489e-05	1.50114e-06	0.00115895	0.0305498	0.207859	0.128379	0.0868994	0.160046	0.00413427	0.0905011	0.00597985	0.00076826	0.0233706	0.0311959	0.00373938	0.0219372	0.00726936	0.0131474	0.0139733	0.00851856	0.0430898	0.0228179	0.00865489	0.0188613	0.0224652	0.00175727	0.0236114	0.0152687	0.000194998	0.000862516	0.000335705	0.00261755
p	2.89589e-05	0.000156421	1.60012e-05	7.68023e-05	8.35117e-05	0.00586485	0.0310079	0.341554	0.0457438	0.0486094	0.046116	0.0120835	0.0285078	0.0231265	0.0150286	0.0246234	0.020842	0.0382424	0.0215168	0.00541525	0.00827646	0.00892179	0.0147384	0.0225105	0.0101155	0.0382658	0.0169514	0.0229423	0.00244905	0.0373434	0.0188048	0.0393047	0.00756344	0.00202098	0.041148
i	6.54656e-05	2.19776e-05	9.83745e-05	7.91505e-05	3.71953e-05	0.0135027	0.0309234	0.0689762	0.113029	0.0290034	0.0565596	0.00180317	0.0475027	0.0074687	0.00333618	0.0259578	0.0565532	0.00800285	0.0516345	0.0253432	0.0205303	0.0228389	0.0143558	0.0258017	0.0447685	0.0168891	0.0510084	0.0475133	0.0111767	0.0403566	0.0520959	0.00130553	0.0028122	0.0162235	0.0924244
à	1.47989e-05	1.12089e-05	3.24114e-06	1.75394e-05	2.08173e-06	0.00026666	0.00283171	0.0495553	0.0166372	0.0502742	0.118714	0.0154375	0.122659	0.0336082	0.00636966	0.0655037	0.0465317	0.0336281	0.0402807	0.0143191	0.0291218	0.0275039	0.0292592	0.0809023	0.0217227	0.0331139	0.0212433	0.0325874	0.0031944	0.0455313	0.0299418	0.00373202	0.00355539	0.0011975	0.0207279
g	0.000107212	0.000117717	1.10531e-05	9.66213e-05	0.000267701	0.000312842	0.00341986	0.0257721	0.001091	0.0504191	0.0788759	0.0603297	0.0530457	0.0262218	0.0437514	0.0713419	0.000822435	0.0169891	0.0053045	0.0180476	0.0558117	0.0405794	0.0894084	0.237766	0.000638292	0.0655351	0.00919493	0.00591413	0.000598505	0.0342329	0.000273069	0.00280827	0.000752745	8.94455e-05	5.14222e-05
g	0.000200606	0.00165517	4.68805e-05	0.000464223	0.0145103	0.00416529	0.0237617	0.126013	0.00890177	0.0389738	0.0303129	0.0533234	0.0381293	0.0761862	0.222763	0.0278843	0.00531991	0.0356933	0.0154081	0.00331949	0.0118559	0.0182082	0.0188972	0.0318341	0.0023992	0.0461197	0.0156736	0.0152662	0.00113208	0.0333503	0.00103547	0.0646799	0.00998658	0.0018085	0.000720242
i	5.04979e-06	0.000500409	1.51453e-06	2.57074e-05	0.000211912	0.0128003	0.00680625	0.0350008	0.00219168	0.0158723	0.0011831	0.0372293	0.0264188	0.0743272	0.132707	0.0110268	0.00125478	0.198513	0.0124828	0.000242851	0.00748704	0.0134263	0.00426914	0.00325404	0.000231435	0.00721938	4.65669e-05	0.000463497	0.000159936	0.00307766	0.000109822	0.022873	0.0065836	0.301806	0.0601912
a	1.28383e-05	1.213e-06	1.00077e-05	1.15821e-05	4.30632e-07	0.000155646	0.00229527	0.0223169	0.0296322	0.0409681	0.122734	0.00319108	0.143673	0.0153245	0.00161703	0.0865604	0.0430296	0.0113704	0.051756	0.0215094	0.033237	0.0251601	0.0410892	0.0770522	0.0174681	0.0337633	0.068724	0.0320147	0.00600013	0.0437806	0.0184192	0.000514108	0.00351302	0.000613513	0.00248088
m	3.07907e-05	2.88187e-05	5.68185e-06	2.8236e-05	9.50125e-06	0.000196597	0.0012325	0.0292138	0.00407392	0.0106761	0.118864	0.00621844	0.062423	0.0268398	0.00793804	0.0867894	0.0457705	0.0175704	0.0249281	0.0174353	0.0237868	0.0231141	0.0411588	0.0950885	0.0164603	0.0732619	0.0755288	0.0708487	0.00216186	0.0511417	0.0353885	0.0222533	0.00609319	0.000942411	0.00249797
o	4.51749e-05	0.000392168	2.87872e-05	0.000103215	0.000149143	0.00229943	0.0107424	0.281878	0.0548374	0.0298414	0.0916813	0.0105675	0.0522322	0.0243152	0.0148616	0.0274359	0.0400764	0.0292551	0.0230185	0.00349142	0.00677444	0.0106534	0.0110081	0.0283147	0.0150449	0.0308615	0.0408272	0.036391	0.0012143	0.0318061	0.0328523	0.0315784	0.00704081	0.00156664	0.0168145
n	6.77269e-06	6.43305e-07	1.67006e-06	3.74299e-06	6.40584e-07	1.09301e-05	0.00036591	0.00993499	0.0116544	0.012612	0.119494	0.00133536	0.127579	0.00990936	0.0032619	0.0566259	0.100276	0.00655416	0.076345	0.0220958	0.029953	0.0288255	0.0260774	0.0697851	0.0516606	0.0247563	0.0292597	0.0573176	0.00285978	0.0600135	0.0573064	0.00064959	0.00131704	0.000432579	0.00171764
a	2.53914e-05	9.10364e-05	1.16715e-05	6.62076e-05	4.72144e-05	0.00022111	0.000921314	0.019522	0.00533313	0.0100222	0.0430218	0.00629291	0.0614193	0.0564352	0.0331776	0.060286	0.0643283	0.0633974	0.0628238	0.00658951	0.0135433	0.0175656	0.037532	0.0430318	0.0178794	0.082637	0.0426112	0.0410052	0.00199072	0.0636157	0.0489756	0.0609887	0.0132581	0.00107816	0.0202545
d	7.08153e-06	1.17405e-06	2.58995e-06	4.45066e-06	7.95981e-07	1.3034e-05	0.000257164	0.00740546	0.00989368	0.00909142	0.091794	0.00110917	0.125953	0.0132274	0.00441059	0.0647423	0.103303	0.0102832	0.0876746	0.0222177	0.0312456	0.032121	0.0298029	0.0636122	0.04501	0.0286313	0.0356853	0.0555775	0.00302811	0.0560215	0.0614163	0.000950584	0.00177362	0.000698452	0.00303469
e	4.01422e-05	0.00014684	1.10586e-05	5.95725e-05	4.47558e-05	0.000327569	0.00110221	0.0227824	0.0044494	0.00958482	0.0539855	0.00694461	0.0708237	0.0510128	0.0277451	0.0713824	0.0542539	0.0686211	0.0446433	0.0118934	0.0194852	0.0250336	0.0345134	0.0538579	0.0143659	0.0621993	0.0305245	0.0406173	0.00287136	0.0440435	0.0529766	0.0556219	0.0105909	0.00530048	0.0481435
r	7.54247e-06	1.44791e-06	5.17251e-06	5.96128e-06	3.20402e-07	1.64527e-05	0.00017328	0.00349196	0.0055852	0.00452581	0.0456492	0.000634794	0.100142	0.0224117	0.00381097	0.0887407	0.0932089	0.0208369	0.107692	0.0290472	0.0382924	0.0440562	0.0463919	0.0521351	0.0309551	0.0395145	0.0437365	0.0534441	0.00472615	0.0445705	0.0638555	0.00137252	0.00422775	0.00129539	0.00543885
f	3.12332e-05	0.000161638	1.46584e-05	4.92524e-05	2.90209e-05	0.000327637	0.000734784	0.0157337	0.00359509	0.00547531	0.0381512	0.003947	0.0574405	0.0520594	0.0261124	0.0786383	0.0525272	0.0843105	0.0464329	0.0112872	0.0170749	0.0213263	0.0391598	0.0417025	0.0107691	0.0715794	0.0369323	0.0373907	0.00299276	0.038102	0.0584048	0.0677593	0.0139733	0.00850933	0.0572644
ò	2.88452e-05	6.31215e-05	4.83541e-05	4.22471e-05	1.40881e-05	0.000751851	0.00283005	0.034176	0.0337299	0.0132337	0.0280973	0.00167252	0.0860125	0.04228	0.0185916	0.0632607	0.0385619	0.0821979	0.0768169	0.00895057	0.0166557	0.0217567	0.0273356	0.0222103	0.00736448	0.0330542	0.0348998	0.0164611	0.00470203	0.0248475	0.0345701	0.0052192	0.0126121	0.0147947	0.192156
m	3.81536e-06	0.000137802	3.76865e-07	6.8682e-06	0.00079968	3.26302e-05	5.09697e-05	0.000513311	6.91901e-05	0.00145058	0.00095215	0.0243612	0.0181129	0.0801973	0.705954	0.00796694	0.000466409	0.075255	0.00662512	0.000829078	0.00940884	0.0210001	0.00728192	0.00760387	0.000157941	0.00634145	0.000177099	0.000355755	0.000100732	0.00298589	3.39474e-05	0.0130996	0.000751849	0.00487427	0.00204146
u	0.000138548	0.00164863	1.27145e-05	0.00014692	0.00582402	0.000825644	0.00129505	0.0153331	0.000936329	0.0057601	0.0194742	0.0166083	0.0326745	0.0668985	0.246439	0.036094	0.00717287	0.0521948	0.0134479	0.00764366	0.0169891	0.0282891	0.0314332	0.0475744	0.0024841	0.0765861	0.0230815	0.0129311	0.00131953	0.0261442	0.00206143	0.176997	0.0108707	0.00956306	0.0031075
p	6.54539e-06	5.14859e-07	4.84459e-06	4.08495e-06	2.89551e-07	7.78213e-06	0.000126963	0.00139165	0.00252659	0.00262455	0.0287523	0.000403895	0.0782824	0.0245575	0.00592454	0.105383	0.0552982	0.0174076	0.131737	0.0643361	0.0529417	0.0678261	0.0743866	0.0429853	0.0206281	0.0469242	0.0278383	0.0545947	0.0153737	0.0391254	0.0220934	0.00140146	0.0115545	0.00265906	0.000891901
e	1.48163e-05	6.48706e-05	5.86063e-06	3.01321e-05	2.78671e-05	0.000108571	0.000241682	0.00405191	0.00088686	0.00209815	0.0126521	0.00190109	0.0272519	0.0488548	0.0387719	0.0560081	0.0395958	0.0921009	0.0483264	0.00997719	0.012802	0.0159958	0.0541193	0.0247837	0.00828873	0.110044	0.0192364	0.0247763	0.0042058	0.0368599	0.0425899	0.143198	0.0393105	0.00739835	0.0734204
r	5.15469e-06	9.06802e-07	2.51619e-06	3.70282e-06	2.95848e-07	5.5514e-06	4.44112e-05	0.000836821	0.00128473	0.00118556	0.0205513	0.000202422	0.0541699	0.0197465	0.00439216	0.067426	0.111503	0.0173882	0.125511	0.0492364	0.0369954	0.0596107	0.0526048	0.0344917	0.0419662	0.0443543	0.0252028	0.0663117	0.0107231	0.0367935	0.0973437	0.00277452	0.00926157	0.00293747	0.00513189
ò	1.51978e-05	8.06877e-05	7.27374e-06	3.24088e-05	2.74101e-05	0.000109207	0.000199106	0.0028632	0.000811686	0.00148313	0.00960507	0.00153709	0.0280361	0.0625652	0.0503692	0.054818	0.0514088	0.109851	0.0683696	0.00979175	0.013182	0.0215765	0.0458065	0.020197	0.0102053	0.0792674	0.0164604	0.0265117	0.00297338	0.0303835	0.0546079	0.120055	0.0228929	0.00775675	0.0761429
c	1.90232e-06	4.77634e-05	1.70666e-07	3.28253e-06	0.000171639	8.25312e-06	1.58623e-05	0.000157435	1.46181e-05	0.0011236	0.00114671	0.016537	0.0184436	0.0820263	0.664182	0.0140362	0.000321938	0.0848747	0.00657168	0.00231652	0.0172809	0.0323346	0.0193561	0.0123029	0.000146819	0.00952754	8.86061e-05	0.000423195	0.000171906	0.00313103	3.84515e-05	0.00689424	0.000754499	0.00426243	0.00128586
ì	0.000103581	0.000438547	2.28302e-05	0.000168375	0.00318758	0.000198392	0.000310625	0.000843296	0.000111035	0.000716338	0.0021961	0.00220484	0.00796861	0.0587816	0.165711	0.0268377	0.0121524	0.0336341	0.0236135	0.00696854	0.00943892	0.0190553	0.0497201	0.0136579	0.00221499	0.107353	0.0251538	0.0136374	0.00252715	0.0197918	0.00658242	0.329283	0.0494078	0.00363202	0.00237609
n	1.49892e-06	6.24036e-05	1.77738e-07	4.8515e-06	7.34795e-05	4.62184e-06	8.72751e-06	0.000102243	5.32888e-06	0.00356492	0.00206699	0.0543943	0.0396374	0.0846004	0.532924	0.0323411	0.000301363	0.0695306	0.00425002	0.00188019	0.0319594	0.0480775	0.0466027	0.0282876	9.70135e-05	0.00563174	2.40189e-05	0.000253157	7.75321e-05	0.00154676	8.87922e-05	0.00312233	0.000491524	0.00487178	0.00311351
o	7.01208e-05	0.000116733	1.67653e-05	0.000109308	0.000242767	0.000109446	0.000235961	0.000899997	0.000120825	0.000631929	0.00308353	0.000991709	0.00736653	0.038551	0.052095	0.0348573	0.0140013	0.0328249	0.025418	0.0107359	0.0102515	0.0156008	0.0713078	0.0163592	0.00287583	0.1804	0.0319975	0.0212375	0.00482925	0.0286566	0.0111213	0.262505	0.112641	0.0045433	0.00319506
ì	3.60191e-06	6.90404e-07	3.03278e-06	2.91344e-06	2.22378e-07	4.43282e-06	2.88332e-05	0.000560231	0.00103553	0.00119876	0.0194067	0.000261179	0.053528	0.0284717	0.00539487	0.0823277	0.0506853	0.0216808	0.114847	0.0784091	0.0520157	0.088714	0.0834628	0.0407695	0.0265467	0.0580166	0.0333055	0.0572125	0.0247736	0.0343117	0.0167679	0.00224334	0.0168445	0.00633373	0.000831222
t	5.10929e-05	4.16803e-05	6.07828e-06	1.8921e-05	0.000156738	2.54944e-05	4.45547e-05	0.000275488	0.000116387	0.000491433	0.00204041	0.00216796	0.00552527	0.0258608	0.0456684	0.0181114	0.0141928	0.0265392	0.0249846	0.11749	0.0504544	0.119552	0.0769176	0.024429	0.00684182	0.0939246	0.023142	0.0179216	0.0449919	0.0199823	0.00712966	0.153622	0.0658101	0.00964102	0.00183094
s	1.88207e-05	7.24786e-05	4.96677e-06	5.24276e-05	0.000598031	4.45063e-05	0.000104126	0.000294162	4.5811e-05	0.000624568	0.00255388	0.00198736	0.0142995	0.099281	0.1949	0.0440943	0.0232302	0.046633	0.0625599	0.00590298	0.0114152	0.0249171	0.069494	0.0114942	0.00551582	0.0686103	0.00585513	0.0213707	0.00466605	0.0158852	0.00727071	0.207459	0.0442412	0.00350149	0.00100186
e	2.06072e-06	0.000459512	3.77022e-06	6.56484e-06	0.000189004	0.000440526	0.000280586	0.00760362	0.0032267	0.00261425	0.00207658	0.00896322	0.0164315	0.0496826	0.217752	0.00772655	0.00176169	0.130182	0.00848055	0.000462428	0.00261103	0.00454267	0.00363216	0.00251733	0.000365431	0.00575962	0.00178976	0.000787156	0.000312975	0.00254218	0.000286089	0.0313982	0.00454929	0.388308	0.0922518
r	1.4222e-05	7.2681e-06	7.13517e-06	1.39368e-05	8.30224e-07	2.22604e-05	6.63717e-05	0.000530247	0.000448789	0.000419772	0.00620262	0.000216098	0.0208962	0.0588619	0.00904371	0.0609525	0.0577888	0.044811	0.0947119	0.0515344	0.0289939	0.0851	0.0578603	0.0166257	0.0169687	0.0424388	0.0117252	0.0435047	0.0297352	0.014853	0.0714514	0.0161883	0.0938419	0.0267844	0.0373787
e	7.06291e-06	4.4137e-05	4.20234e-06	1.66132e-05	1.80698e-05	5.61523e-05	8.33361e-05	0.00121518	0.000358746	0.000735965	0.00491598	0.000832737	0.0145981	0.0449086	0.0431229	0.0395572	0.0441733	0.0904418	0.0576764	0.00989405	0.00968982	0.0162313	0.0498996	0.0127168	0.00919791	0.0947823	0.0144107	0.0231765	0.00423753	0.024922	0.0526224	0.201393	0.0492663	0.0117833	0.0730104
k	7.59632e-06	1.73427e-06	2.60128e-06	6.13493e-06	4.38926e-07	7.03741e-06	3.23169e-05	0.0003298	0.000320565	0.000424275	0.00695342	8.95549e-05	0.0266741	0.0238144	0.00477076	0.0509723	0.103946	0.022097	0.128783	0.0599694	0.0295982	0.0760105	0.0546693	0.018601	0.0347075	0.044209	0.0111988	0.0569437	0.0251111	0.0213074	0.132151	0.00629727	0.02995	0.0115074	0.0185353
a	2.56251e-05	0.000147138	1.95166e-05	8.53593e-05	8.79426e-05	0.000140785	0.000192693	0.000841292	0.000227533	0.000568469	0.00222943	0.000614242	0.00900724	0.0503146	0.0405792	0.0271047	0.0729585	0.0495173	0.0820126	0.00610295	0.00528435	0.017021	0.0327197	0.00569024	0.011821	0.0532945	0.0151208	0.0277209	0.00306459	0.0143556	0.11946	0.235466	0.0550171	0.00647633	0.054711
k	1.01204e-05	1.6319e-06	2.80077e-06	6.40866e-06	8.82722e-07	5.59853e-06	3.66843e-05	0.000317069	0.000327304	0.00039696	0.0075523	7.4127e-05	0.027195	0.0168046	0.00580476	0.0467626	0.11789	0.0144528	0.13821	0.0609889	0.0265775	0.0663043	0.0479403	0.0175264	0.03739	0.0386207	0.0105652	0.0595249	0.0220277	0.0226802	0.162325	0.00598879	0.0200774	0.00840252	0.0172079
à	3.44442e-05	0.00021614	2.48885e-05	9.8654e-05	8.28378e-05	0.000188298	0.000212426	0.000940002	0.000230055	0.000461103	0.00199683	0.000432548	0.00753814	0.046633	0.0344425	0.0243667	0.0672337	0.052199	0.0748595	0.00739033	0.00519776	0.019727	0.0281078	0.0051248	0.010998	0.0480246	0.0134621	0.026708	0.00330087	0.0120867	0.130823	0.239236	0.0598113	0.00899122	0.06882
n	2.5248e-06	5.2234e-05	1.34866e-07	3.50365e-06	0.000123613	1.02327e-05	1.35323e-05	8.51123e-05	8.48596e-06	0.000485135	0.000346672	0.0108945	0.0144263	0.118966	0.568105	0.0112192	0.000497314	0.106055	0.00957689	0.0022378	0.0221485	0.0666291	0.0167075	0.00756447	0.000153196	0.00966012	5.70552e-05	0.000371768	0.000257113	0.00229738	5.55193e-05	0.0149666	0.00278673	0.0110435	0.00219118
n	5.64592e-05	0.000110662	1.19531e-05	7.82393e-05	0.000284716	7.99721e-05	0.000151094	0.000482289	6.76688e-05	0.000371879	0.00167499	0.000679104	0.00502684	0.0368894	0.057501	0.0260673	0.0125083	0.0338905	0.0245991	0.0149065	0.0104942	0.0214802	0.0649772	0.0119734	0.00277289	0.141562	0.0169662	0.0167772	0.00655492	0.0195564	0.00975039	0.313838	0.136546	0.00777482	0.00353784
i	5.7134e-07	0.00015077	4.20071e-07	2.20111e-06	0.00011597	8.85153e-05	5.37204e-05	0.00117967	0.000212728	0.000569429	0.000517228	0.00483474	0.0111151	0.0839714	0.487176	0.0077357	0.00129616	0.188865	0.00977364	0.000209535	0.00219071	0.00450454	0.00343831	0.00141657	0.000153445	0.00513416	0.000249459	0.0004323	8.75813e-05	0.00168215	0.000182558	0.0486256	0.0047493	0.100728	0.0285565
f	1.2491e-05	2.76602e-06	9.46462e-06	1.09374e-05	3.74084e-07	1.43481e-05	5.71527e-05	0.000484662	0.000745176	0.000457727	0.00714866	0.000109317	0.0253691	0.0411316	0.00502089	0.0646217	0.064578	0.0310005	0.120177	0.0623126	0.0327614	0.0909005	0.0630085	0.0178746	0.0205886	0.0421337	0.0191352	0.0469173	0.0367055	0.0168592	0.0651704	0.00586218	0.0733419	0.0241582	0.021318
i	1.44909e-05	0.000112626	9.85539e-06	3.82713e-05	5.99847e-05	9.44909e-05	9.65848e-05	0.000622626	0.000160472	0.000473898	0.00187447	0.00059441	0.00686509	0.0317372	0.0342277	0.0202276	0.0568703	0.0484291	0.0545353	0.00828862	0.00519652	0.0152335	0.0302583	0.00543446	0.0109509	0.0553748	0.0134202	0.0217392	0.00396114	0.012311	0.100842	0.306976	0.0504699	0.0144289	0.0880698
à	9.69989e-06	1.77271e-06	3.17721e-06	6.86017e-06	6.58374e-07	6.35826e-06	3.1889e-05	0.000264264	0.000275239	0.000346861	0.00606165	6.39871e-05	0.0225245	0.0166305	0.00435589	0.0431327	0.115316	0.0147548	0.128398	0.0618484	0.0246341	0.0672663	0.0496815	0.0156058	0.0370456	0.0401424	0.011694	0.0567949	0.0272814	0.0193455	0.167425	0.0064609	0.0277752	0.0123117	0.0225027
k	7.59376e-05	9.15751e-05	1.01431e-05	4.59982e-05	0.000407709	3.70533e-05	6.31953e-05	0.000157395	4.10343e-05	0.000377699	0.000905575	0.00168062	0.00433934	0.0383567	0.0953276	0.0175099	0.0061463	0.0365699	0.0264191	0.0851594	0.0351492	0.116187	0.0843256	0.0146451	0.00281778	0.0781429	0.00626388	0.00969678	0.0437765	0.0117526	0.0025953	0.154891	0.0971896	0.025798	0.00304641
k	3.78208e-05	0.000287423	9.65328e-06	0.000105883	0.00307724	0.000117811	0.000226051	0.000567738	6.81484e-05	0.000655894	0.00193477	0.00242519	0.0115562	0.107366	0.299424	0.0318795	0.0124198	0.046221	0.0360961	0.00330414	0.0078069	0.0183054	0.0407285	0.00968887	0.00214553	0.0590709	0.00729781	0.0116678	0.00129522	0.0143118	0.00381811	0.235131	0.0276841	0.00227224	0.00099432
a	1.57866e-06	0.000313676	7.02324e-07	7.99024e-06	0.000138521	0.000251024	0.000144396	0.00203648	0.000239462	0.000558068	0.00022298	0.00331544	0.0108023	0.109961	0.323365	0.00769706	0.00144692	0.213938	0.013257	5.89176e-05	0.00192008	0.0054801	0.00244435	0.000858292	8.59668e-05	0.00408669	5.95766e-05	0.00020584	3.22036e-05	0.00111741	0.000224598	0.0560662	0.00913725	0.149747	0.0807787
c	2.7343e-05	4.63072e-06	2.03333e-05	2.28186e-05	7.0189e-07	2.81204e-05	0.000128668	0.000934361	0.00146045	0.000664411	0.00920209	0.000109326	0.0252555	0.0394204	0.00479497	0.0621934	0.0642146	0.0276574	0.118788	0.0564595	0.0307515	0.0838373	0.0584445	0.0186897	0.0221351	0.0402281	0.0208132	0.0441565	0.0323042	0.0184268	0.0754237	0.00489856	0.0781858	0.0231818	0.0371365
e	1.89744e-05	0.000141591	1.07e-05	3.5513e-05	4.34588e-05	9.86601e-05	7.80452e-05	0.000490086	0.000117039	0.000265826	0.00155994	0.00032684	0.00533215	0.0252751	0.0229267	0.0187342	0.0484973	0.0433439	0.041333	0.0110832	0.00526913	0.0175278	0.0266852	0.00482447	0.00879433	0.0445453	0.0108437	0.0201441	0.00523911	0.00819073	0.113972	0.292778	0.0570396	0.0257177	0.138717
e	1.4994e-05	2.74251e-06	5.6738e-06	1.07499e-05	7.6261e-07	9.4991e-06	4.2665e-05	0.000289636	0.000304214	0.00030046	0.00492633	4.60838e-05	0.0180315	0.0152028	0.00370391	0.0392958	0.112072	0.014493	0.12945	0.0574813	0.0203861	0.0620261	0.0461063	0.0123976	0.0327876	0.0372794	0.0117732	0.0515538	0.0276565	0.0163942	0.194834	0.00689323	0.0325975	0.0144845	0.0371456
n	4.54704e-05	0.000133678	1.52778e-05	5.81423e-05	1.96306e-05	9.33615e-05	9.16035e-05	0.000344725	7.47599e-05	0.000209035	0.00156732	0.000211563	0.00501894	0.0253408	0.0108931	0.0196544	0.0543167	0.0285173	0.0464092	0.0262655	0.00768238	0.0388036	0.0265364	0.00516882	0.0124258	0.0314477	0.0078284	0.03038	0.0184865	0.00616422	0.127578	0.169667	0.0910823	0.0578204	0.149648
ì	1.80974e-05	0.000166774	2.41148e-05	5.27134e-05	3.49739e-05	0.000161859	0.000162143	0.00138099	0.000591092	0.000533045	0.00347803	0.000477144	0.0130147	0.0632457	0.0422589	0.0364019	0.0739806	0.0854861	0.0956751	0.00769853	0.00725703	0.0227308	0.0321145	0.00751784	0.0119693	0.0542525	0.0226817	0.0314944	0.00259451	0.0168504	0.110181	0.158774	0.0386972	0.00856946	0.0494726
r	2.81608e-06	6.67472e-05	1.88113e-07	3.80663e-06	0.00023246	9.9823e-06	1.02107e-05	4.41601e-05	4.91929e-06	0.000225364	0.000173965	0.00558966	0.00672953	0.090649	0.635284	0.00713361	0.000475814	0.0848439	0.0085684	0.00279633	0.014338	0.054838	0.0144263	0.00417087	0.000155189	0.00873505	6.41568e-05	0.000382174	0.000473911	0.00163668	6.68955e-05	0.0274474	0.00468794	0.0225672	0.00316543
t	4.85436e-05	0.000136411	9.6089e-06	7.11161e-05	0.000236947	8.86159e-05	0.000150275	0.000545143	5.9808e-05	0.000315132	0.00179345	0.000507527	0.005756	0.0456624	0.0678899	0.030093	0.0120202	0.0506092	0.0287159	0.0154719	0.0104409	0.0252083	0.0577509	0.0106046	0.00267304	0.110519	0.00822753	0.0163652	0.00625719	0.0154784	0.00855048	0.302308	0.139385	0.0209997	0.00505045
e	8.65957e-07	0.000192233	1.95112e-06	4.59607e-06	0.000282413	8.16467e-05	4.11327e-05	0.000647499	0.00030322	0.000298582	0.000466532	0.00192796	0.00728563	0.073267	0.479096	0.00790184	0.0026422	0.118837	0.0141047	0.000204008	0.00136012	0.00286223	0.00481189	0.00107907	0.000281204	0.00703792	0.00125962	0.000749151	0.000149714	0.002039	0.000572245	0.0827434	0.00844439	0.125995	0.053028
m	1.55959e-05	3.60559e-06	1.20421e-05	1.37131e-05	5.62593e-07	1.57847e-05	5.50097e-05	0.00039313	0.000581966	0.000392479	0.00613794	9.70763e-05	0.0222352	0.0413206	0.00554844	0.0607966	0.0541156	0.0293603	0.118591	0.0687931	0.0316461	0.0994126	0.0655937	0.0164376	0.0185677	0.0417399	0.0178852	0.0436086	0.0480729	0.0149236	0.0433819	0.00603072	0.0870271	0.0366323	0.0205607
a	3.07596e-05	0.000206046	1.28363e-05	7.55351e-05	0.000228374	0.000139857	0.000165294	0.000695073	0.000124802	0.00054464	0.00176703	0.000777139	0.00685031	0.0354582	0.0456483	0.0191976	0.0518117	0.0415328	0.046881	0.00717973	0.00506506	0.0158604	0.0275585	0.00568618	0.0091927	0.0516692	0.0117152	0.0198875	0.00305364	0.0115747	0.0941873	0.349987	0.0505125	0.0101192	0.0746037
m	1.42421e-05	2.27207e-06	5.15429e-06	9.78173e-06	7.41984e-07	7.95684e-06	3.71095e-05	0.000231453	0.000248806	0.000264327	0.00442684	4.21479e-05	0.0164257	0.0143257	0.00355382	0.0371142	0.107456	0.0125729	0.123991	0.0631823	0.020145	0.0638017	0.0462321	0.0115809	0.0323866	0.0358071	0.010917	0.0508514	0.0364754	0.0150048	0.185879	0.00696808	0.0381915	0.0200822	0.0417648
a	4.18855e-05	0.000283121	2.24779e-05	0.00010794	0.000172314	0.000197923	0.000206141	0.000735804	0.000139979	0.000415651	0.00138751	0.00047554	0.00549286	0.0365529	0.0360699	0.0174125	0.0541216	0.0414252	0.05326	0.00698933	0.00427991	0.0173251	0.0223728	0.00398614	0.0090089	0.0390613	0.00974546	0.0204555	0.00340274	0.0087741	0.121185	0.311753	0.0638023	0.0147039	0.0946332
e	2.08175e-05	3.24782e-06	7.41384e-06	1.26512e-05	1.44521e-06	9.27395e-06	4.74099e-05	0.000251632	0.000284183	0.000251646	0.00438644	3.81667e-05	0.0152923	0.0123372	0.00425604	0.033472	0.113054	0.0104828	0.129324	0.0611115	0.0174295	0.0587685	0.0397416	0.0101373	0.0326344	0.0307264	0.0109575	0.050459	0.033122	0.0143565	0.210227	0.00745333	0.0309881	0.0196001	0.0487546
c	5.65642e-05	0.00016331	1.79023e-05	7.32503e-05	2.49336e-05	0.000111694	0.000108367	0.000345382	6.94863e-05	0.000213314	0.00123359	0.00020669	0.0039913	0.0214769	0.0095467	0.0150274	0.0460564	0.0241871	0.0386385	0.0211618	0.00607251	0.0320974	0.0207054	0.00396417	0.0106224	0.0244825	0.00599724	0.0235551	0.0169299	0.00487579	0.123136	0.155441	0.0889535	0.0656514	0.234805
ì	3.79149e-05	0.00033274	5.41222e-05	0.000100489	4.52061e-05	0.000289145	0.000232472	0.00139959	0.000560559	0.00040518	0.00242512	0.000269238	0.00805848	0.0520217	0.0273603	0.0266475	0.0725931	0.0664104	0.0861778	0.00880439	0.00568187	0.0249541	0.0253613	0.00511401	0.0122183	0.0430539	0.0221472	0.0306392	0.0037218	0.0116385	0.149855	0.16623	0.060838	0.0130416	0.0712797
k	3.46058e-06	8.84183e-05	2.1094e-07	5.29242e-06	0.000202362	1.46545e-05	1.39529e-05	5.61237e-05	5.09371e-06	0.000265785	0.000180463	0.00577552	0.00861209	0.11056	0.56746	0.00864149	0.000654467	0.10402	0.0111914	0.00242122	0.0150051	0.063167	0.0150008	0.00422863	0.000180308	0.00953011	5.71519e-05	0.000424233	0.000417433	0.00168342	9.08835e-05	0.0320078	0.00581535	0.0278032	0.00441576
a	0.000118077	0.000296121	2.34784e-05	0.000151183	0.00105896	0.000137586	0.000179498	0.000295019	3.25336e-05	0.000224372	0.000630093	0.00050089	0.00230419	0.0301733	0.0648447	0.0142126	0.00854887	0.0236116	0.0179942	0.0133115	0.0067586	0.0211441	0.0429341	0.00559387	0.00179322	0.0868657	0.0108057	0.0108428	0.00719754	0.00915703	0.0082566	0.426667	0.163045	0.0160378	0.00425211
e	1.67172e-05	2.59544e-06	1.38964e-05	1.25279e-05	6.44238e-07	1.17032e-05	4.98828e-05	0.000334336	0.000617419	0.000333277	0.00588853	5.38494e-05	0.0207174	0.0253813	0.00456412	0.054211	0.0645537	0.0185061	0.131158	0.0762253	0.0282422	0.089373	0.061719	0.0146118	0.0218535	0.0398427	0.0211867	0.0470291	0.0572549	0.0153314	0.0569128	0.00499877	0.0706885	0.0424096	0.0258939
t	5.8137e-05	0.000132083	1.24361e-05	6.97672e-05	3.31163e-05	8.77588e-05	0.000101511	0.000300087	4.75338e-05	0.000234149	0.00141948	0.000275098	0.00464456	0.0235508	0.0118634	0.0182316	0.0480613	0.0246866	0.0394507	0.0274323	0.00783242	0.0374864	0.0277276	0.00535531	0.0113931	0.0331808	0.00611449	0.0279183	0.0195286	0.0061106	0.113281	0.208303	0.101513	0.0588177	0.134745
à	1.79034e-05	0.000121029	4.82823e-05	7.16543e-05	4.2907e-05	0.000135149	0.000136887	0.000484741	0.000352603	0.000348256	0.000971934	0.000331935	0.00425613	0.0367921	0.0275916	0.016322	0.0497907	0.0360126	0.0678394	0.00376344	0.00287857	0.00979516	0.0249876	0.00218597	0.00835511	0.0304398	0.0185224	0.0159618	0.00671218	0.00680314	0.102799	0.184535	0.0950299	0.0370571	0.208506
l	4.58095e-06	9.08623e-05	2.4732e-07	4.00918e-06	0.000379551	1.12521e-05	7.67878e-06	2.81053e-05	3.28021e-06	0.000161776	6.86176e-05	0.00716568	0.00428079	0.0738694	0.576246	0.0049276	0.000308313	0.0694308	0.0064902	0.00337021	0.0213034	0.10216	0.0132313	0.0031159	7.84626e-05	0.00660348	3.77877e-05	0.000187948	0.000836227	0.000922235	5.59384e-05	0.0317705	0.00772758	0.0600359	0.0050838
a	4.37223e-05	8.74273e-05	9.82858e-06	6.50125e-05	0.000299442	5.8365e-05	0.000110719	0.000252118	4.063e-05	0.000243948	0.000762095	0.000466655	0.00293621	0.0331883	0.0557376	0.0168216	0.0109582	0.0291793	0.0244167	0.0156612	0.0082954	0.0228217	0.0540163	0.00667579	0.00261611	0.0985241	0.00869171	0.0120848	0.00993881	0.0123182	0.00901093	0.357932	0.189498	0.0116461	0.00459101
s	2.04895e-05	5.28464e-06	1.45557e-05	1.7814e-05	8.11371e-07	1.95301e-05	5.97255e-05	0.000366034	0.000488685	0.000313052	0.00449961	6.0827e-05	0.0155272	0.0306863	0.00473387	0.0445458	0.0530247	0.0243268	0.109296	0.0628628	0.0235443	0.0846276	0.0542452	0.0119492	0.0187451	0.0368465	0.0140329	0.0378578	0.0576054	0.0123628	0.0514527	0.00664274	0.0977693	0.0700747	0.0713743
s	2.07397e-05	8.52328e-05	1.23898e-05	6.82878e-05	7.32635e-05	9.49557e-05	0.000149259	0.000484051	0.000119513	0.000379006	0.00103056	0.00038985	0.00450849	0.0404692	0.0406419	0.0187337	0.0360685	0.0462019	0.0580124	0.00571851	0.00403822	0.0120223	0.03537	0.00348229	0.00640899	0.0537653	0.00667062	0.0140007	0.00537185	0.0102155	0.0626398	0.273678	0.106668	0.0174692	0.134938
a	4.84437e-05	4.09292e-05	0.0001004	4.9077e-05	7.36739e-06	0.000163833	0.000541165	0.00793491	0.017512	0.00262194	0.0224346	0.000249812	0.0592431	0.0220348	0.00840703	0.0629972	0.0640126	0.0379777	0.09988	0.0140455	0.0149641	0.0230252	0.0349844	0.0209085	0.0117608	0.0378883	0.0823812	0.0230916	0.00650442	0.0245383	0.0702988	0.0043142	0.0132794	0.0305515	0.181207
e	2.1724e-05	3.31806e-05	8.31648e-06	2.59184e-05	2.72983e-06	4.22365e-05	5.69563e-05	0.000250612	0.000118807	0.000140408	0.00100392	7.22383e-05	0.00287947	0.0144724	0.00440182	0.00949576	0.0221944	0.0186263	0.0287826	0.014415	0.0048593	0.0210189	0.0157333	0.00292488	0.00777637	0.0155254	0.00288168	0.0105119	0.0155837	0.00378181	0.0493687	0.0225522	0.0665929	0.0816225	0.562222
p	7.97166e-05	0.000309836	3.92759e-05	0.000105915	3.19887e-05	0.000188129	0.000141015	0.000535397	9.93963e-05	0.000235105	0.00209238	0.000205945	0.00556196	0.0283433	0.0108701	0.0257278	0.0518258	0.031244	0.0493784	0.0302873	0.00819146	0.0431636	0.0313961	0.0061383	0.0110981	0.0415964	0.014637	0.0406158	0.0202812	0.00720451	0.0938788	0.202788	0.110749	0.0612775	0.0696812
i	1.5959e-05	0.000146738	1.78641e-05	4.40484e-05	3.35986e-05	0.000145144	0.000152619	0.00142534	0.000622278	0.000603167	0.00364568	0.000586069	0.0147828	0.0683206	0.0536307	0.0373783	0.0651889	0.103427	0.0951308	0.00778858	0.00814329	0.0233652	0.0332599	0.00824508	0.0111273	0.0531296	0.0174784	0.0262793	0.00252685	0.0172184	0.0863351	0.137915	0.0323113	0.0130109	0.0765686
a	2.27997e-05	5.20885e-06	9.78712e-06	1.73743e-05	1.32453e-06	1.62739e-05	5.73447e-05	0.000312054	0.000313069	0.000267548	0.00368876	3.96536e-05	0.0136619	0.0170332	0.00409098	0.0341504	0.0944672	0.0157987	0.12008	0.0537147	0.0173044	0.0631581	0.0425522	0.00952173	0.0271394	0.0336189	0.0106937	0.0424304	0.0347562	0.0125503	0.178007	0.0084579	0.0505326	0.0291285	0.0824014
c	6.93287e-05	0.000213333	2.28976e-05	8.87351e-05	3.45107e-05	0.000135873	0.000125885	0.000396458	7.70159e-05	0.000231808	0.00144277	0.000230574	0.0044729	0.0242423	0.01119	0.0174079	0.0472248	0.0261986	0.0416399	0.02367	0.00677009	0.0362422	0.0232267	0.00453088	0.0108694	0.0271968	0.00704647	0.0264643	0.0178362	0.00531247	0.109601	0.173441	0.0937878	0.0751946	0.183365
e	4.53555e-05	0.000371885	4.85901e-05	9.54984e-05	4.11736e-05	0.000291685	0.00023437	0.00165942	0.000612564	0.000414934	0.00359049	0.00028553	0.0112356	0.0568003	0.0259061	0.0331651	0.0825108	0.0713432	0.0862828	0.0109586	0.00766823	0.0335334	0.0258158	0.00731808	0.0138818	0.0424822	0.0236449	0.0382795	0.00329859	0.0126884	0.164178	0.131134	0.0479347	0.0117595	0.0504889
i	2.47338e-05	5.57572e-06	1.23082e-05	1.46838e-05	2.76277e-06	1.26076e-05	5.49937e-05	0.000293239	0.00042054	0.000258313	0.00453134	4.24494e-05	0.0158372	0.012291	0.00550991	0.0320532	0.121024	0.0105337	0.130151	0.0516171	0.0153525	0.0528176	0.0349929	0.00932256	0.0315914	0.0275502	0.015906	0.0478456	0.0240155	0.0135025	0.231276	0.0082891	0.0248971	0.0194785	0.0584708
d	6.28541e-05	0.000191206	2.1015e-05	7.89473e-05	3.29605e-05	0.000121707	0.000113127	0.000354971	7.48104e-05	0.000219608	0.00134224	0.000228545	0.00425955	0.0228861	0.0110429	0.0162522	0.0448689	0.0246638	0.0390776	0.022438	0.00645857	0.0340446	0.0220182	0.00423436	0.0103575	0.0247766	0.00654845	0.0238329	0.0171825	0.00484642	0.107279	0.162271	0.0878021	0.0853809	0.214636
ò	2.68479e-05	0.000194418	1.7562e-05	4.30383e-05	2.92465e-05	0.000223437	0.000345453	0.00637618	0.002193	0.00210495	0.0223148	0.00202872	0.0531404	0.0749036	0.0373321	0.0775789	0.0729241	0.100589	0.0695977	0.0109042	0.0178529	0.0332004	0.0337356	0.0308656	0.0131259	0.0521231	0.0350343	0.04364	0.0018763	0.0286402	0.0731409	0.0572111	0.0121671	0.0079603	0.0265583
p	4.07102e-06	0.00011357	3.66911e-07	6.99619e-06	0.000327405	1.36055e-05	1.31763e-05	4.53935e-05	3.65655e-06	0.000195631	0.000230691	0.00300953	0.00622341	0.0849399	0.640454	0.00895176	0.000487802	0.0862764	0.00955721	0.00311593	0.00990829	0.0408651	0.0161261	0.00355588	0.00015927	0.00829824	5.63626e-05	0.000494604	0.000539584	0.00137833	9.38017e-05	0.0254937	0.00481381	0.0384036	0.00584295
u	6.61346e-05	0.000231074	1.52784e-05	0.000111771	0.000424315	0.000137541	0.000193729	0.000538363	5.07127e-05	0.000250681	0.00121275	0.000356321	0.00382141	0.0408653	0.065827	0.0229809	0.0104286	0.042572	0.0252825	0.0106329	0.00661501	0.0185209	0.0450875	0.00662019	0.00209046	0.0922278	0.00721218	0.0131301	0.00516477	0.0113242	0.00870459	0.352728	0.169507	0.0284096	0.00665916
è	1.66522e-05	2.72656e-06	1.50818e-05	1.32171e-05	6.43437e-07	1.23028e-05	5.04855e-05	0.000340593	0.000596369	0.000386344	0.00653862	7.06735e-05	0.0237587	0.0317536	0.00526751	0.0632969	0.0478817	0.0219012	0.129968	0.0826277	0.033448	0.104297	0.0721528	0.0171333	0.0176306	0.0430191	0.0211485	0.0442584	0.059063	0.0157254	0.0287794	0.00413992	0.0723302	0.0398133	0.0125615
t	0.000139989	9.5769e-05	1.29216e-05	4.91981e-05	0.000337981	4.01545e-05	5.72652e-05	0.000119691	3.09129e-05	0.000214714	0.000656082	0.000993013	0.00244639	0.0195719	0.0330851	0.0114398	0.00796199	0.0167567	0.0160701	0.10642	0.0289896	0.102446	0.0553459	0.0101743	0.00304771	0.0540901	0.00843321	0.0105627	0.0882193	0.00719255	0.0064136	0.182127	0.16605	0.050598	0.00980965
s	5.24795e-05	0.000199056	1.24062e-05	0.00013737	0.00186363	9.91271e-05	0.000184301	0.000242066	3.13917e-05	0.00043399	0.000980247	0.00131401	0.0062177	0.0816323	0.184467	0.0230616	0.0177827	0.0345531	0.0475546	0.00500098	0.00668468	0.0224766	0.0427137	0.00469302	0.00400393	0.0377681	0.00294021	0.0129683	0.00838887	0.00689789	0.00945851	0.315381	0.0979172	0.0166398	0.00524795
i	1.67688e-06	0.000393818	3.17969e-06	5.63275e-06	0.000175299	0.000182103	7.93109e-05	0.00177612	0.000846834	0.000566788	0.000862809	0.00277208	0.0109693	0.0572719	0.27272	0.00767465	0.00205723	0.136498	0.0100636	0.000318646	0.00185522	0.00402187	0.00358004	0.00158541	0.000262994	0.00531432	0.00145266	0.000637491	0.000187597	0.00175695	0.000427463	0.0420773	0.00567861	0.326715	0.0992084
c	3.39268e-05	1.9684e-05	1.66886e-05	3.3456e-05	2.07626e-06	4.2354e-05	8.60862e-05	0.000408239	0.000321458	0.000255107	0.00314084	0.000101992	0.00796354	0.0297783	0.00510995	0.0263732	0.0399485	0.0229143	0.0568522	0.0369645	0.0134758	0.0521926	0.0352309	0.00815273	0.0145915	0.0281394	0.00871464	0.0258692	0.0377225	0.00817214	0.0635151	0.0163548	0.123521	0.0749529	0.259029
h	2.27685e-05	0.000200372	1.89522e-05	5.99624e-05	7.90728e-05	0.000150518	0.000118398	0.000512076	0.000121766	0.000251637	0.000846829	0.000261057	0.00327195	0.0261532	0.0269733	0.0129929	0.036279	0.0400615	0.0410477	0.00654398	0.00311262	0.0122478	0.0197891	0.00246078	0.00610869	0.0341429	0.00769207	0.0137376	0.00473964	0.00609875	0.0911794	0.326699	0.0762369	0.0302647	0.169523
r	1.86637e-05	1.8984e-05	6.23426e-06	2.17899e-05	3.01537e-06	3.6535e-05	6.58061e-05	0.000403923	0.000201992	0.000326213	0.00252017	0.000105427	0.012467	0.036697	0.0103548	0.0315095	0.0728309	0.0487104	0.105315	0.0336747	0.0157914	0.0605895	0.0427951	0.00859085	0.0196581	0.0410657	0.00618912	0.0296504	0.0196963	0.0116494	0.124178	0.0218486	0.0689561	0.0335751	0.140478
ò	2.33448e-05	0.000146096	1.55568e-05	4.11323e-05	2.61342e-05	0.000149636	0.000172974	0.0015866	0.000623247	0.00040835	0.00271289	0.000329133	0.00641721	0.03682	0.0320968	0.0195428	0.0218364	0.072117	0.0379368	0.00848026	0.00643719	0.0168951	0.0226157	0.00573191	0.00617328	0.0330625	0.00565162	0.0118471	0.00449085	0.00969827	0.0351062	0.0942405	0.0627488	0.100564	0.343255
</S>	2.42352e-05	0.000167015	3.87824e-06	3.77627e-05	0.0010042	3.0042e-05	4.7985e-05	9.66057e-05	1.35216e-05	0.000324944	0.000396744	0.0017327	0.00372478	0.0626778	0.533036	0.0107962	0.000738427	0.0679579	0.0155806	0.0123235	0.0123444	0.0501314	0.0378872	0.00527986	0.000410699	0.0214054	0.000258782	0.00126956	0.00435499	0.00333973	0.000203319	0.0405928	0.021956	0.078792	0.0110584
