 	mia	sorella	non	è	venuta	mai	qui	come	io	</S>
e	0.511400114132	0.236512373135	0.030406915956	0.0024895414114	0.047372807959	0.0121246963334	0.0146695448191	0.00813284522498	0.00314751003937	0.133743671133
d	0.386939274097	0.370348904312	0.042170900752	0.019640216392	0.0634618542337	0.0315055055502	0.00978661948291	0.0240547660752	0.00236993264597	0.0497220435723
e	0.263888941032	0.490179214104	0.082678905784	0.032785217306	0.0394547834592	0.0334189423378	0.00812002137026	0.0291153225303	0.00180809397374	0.0185505744681
r	0.181040650799	0.561412497835	0.113583529148	0.0357312133933	0.0240049688277	0.0187920497559	0.00478068795752	0.0195018954199	0.0048416689955	0.036310837272
f	0.199986627035	0.549811011552	0.0963292568637	0.0407067814332	0.0192405008752	0.0159289826339	0.00538673754823	0.0240185868505	0.00583819956987	0.0427533197418
ì	0.202268827858	0.553117110324	0.114479672949	0.0704518940285	0.0136254850103	0.00920480017065	0.00385555116663	0.015906813843	0.00197387320535	0.0151159844315
m	0.154343177466	0.522871416775	0.136578979416	0.0786727683495	0.0367391763561	0.0112981438105	0.0032803789861	0.0120034589502	0.0109703071784	0.0332421867727
m	0.138578174993	0.446771937592	0.0990818817053	0.0765343262832	0.0671051583907	0.0253242412686	0.00331332849367	0.0308122061666	0.0140384544832	0.0984402934095
u	0.088935496014	0.297627765844	0.215739326235	0.150516240121	0.0790482113316	0.0315734691309	0.0074669519362	0.0314254907052	0.00488626869739	0.0927807891858
e	0.041756303976	0.133871279008	0.355674143812	0.226274432174	0.147109068747	0.030903493537	0.0161821228855	0.0125448239479	0.00395940780889	0.0317249215495
n	0.0190410389236	0.101003638783	0.275183595937	0.234042767525	0.230648691249	0.0358497531123	0.0212126753317	0.0366097784127	0.0245764712753	0.0218315856958
è	0.013845036589	0.0897111238543	0.194472626512	0.290926184108	0.251174896363	0.0391459371974	0.0256778349386	0.0470781404652	0.0294374162312	0.0185308107228
e	0.0086978280676	0.0409097572499	0.156331174437	0.292295259369	0.350946868801	0.0661917357591	0.0352484338477	0.0221070903724	0.0201315217005	0.00714035028869
r	0.012910674418	0.0255535569984	0.0944671118323	0.202890175523	0.406572508867	0.103389222653	0.0481848433159	0.0372414889941	0.0559719618895	0.0128184589802
t	0.053607257048	0.0283744223075	0.0580105471974	0.160507553514	0.355390517976	0.121728018218	0.0422108434586	0.101980537698	0.0589832828752	0.0192069930131
o	0.0590654815654	0.0217965610237	0.0487428037678	0.157135173891	0.330056250412	0.177621929339	0.0476654340995	0.119976449075	0.0228197584643	0.0151201335903
m	0.0333985040505	0.0159584516566	0.0411136153399	0.126736468947	0.314033339404	0.238057058246	0.0570452198598	0.0993362272877	0.062069554386	0.0122515573344
è	0.0241166017752	0.0118081089854	0.0282555068033	0.0716978321857	0.268348071535	0.291114145882	0.0745422396466	0.130404400943	0.0825046173863	0.0172084825228
n	0.0279222392503	0.00833927782257	0.0185321324751	0.0639867619686	0.181969973445	0.317535021761	0.129548512882	0.137500036194	0.0942602648578	0.0204057852349
a	0.0300028415016	0.00840742584556	0.0187068062695	0.0742491508459	0.127656378015	0.289945781254	0.212752962627	0.114720338651	0.0969454194517	0.026612891209
m	0.0144552861913	0.0066541712115	0.0260247689448	0.0673616538143	0.163963693672	0.276018453485	0.225167041742	0.120703824684	0.0628833003876	0.0367678015297
à	0.0079883831765	0.00454400121555	0.0200765248282	0.0344146500588	0.168232986451	0.274360682828	0.201093841114	0.160432790428	0.0902736118159	0.0385825371366
i	0.00286580850868	0.0015696997101	0.00747950210567	0.0154620287651	0.175375247637	0.200221928609	0.239818275838	0.170685570809	0.140878103667	0.0456438438122
e	0.00113448216245	0.000634791878051	0.0036488855266	0.00798897387109	0.217801628946	0.11312286967	0.220661376613	0.211570454003	0.170458347818	0.0529781982707
t	0.00206969597342	0.00220633698796	0.00423974154821	0.00714562394063	0.145898039235	0.08116776305	0.184724871101	0.260185858601	0.243961854606	0.0684002213769
t	0.0170530715327	0.0044514643351	0.00585912775018	0.0107088247153	0.0846716658517	0.0951281626033	0.19810182453	0.2690150188	0.234467050842	0.0805437884163
ù	0.0208048052296	0.00343000528168	0.00472742676374	0.0111732269723	0.0601663555076	0.0901733173811	0.17107770893	0.3123664316	0.188989936387	0.137090788956
k	0.0129384522249	0.00401176834027	0.00760824805933	0.00926536332099	0.0581536567329	0.0677901337204	0.146294791697	0.312795078067	0.228005778262	0.153136737532
ù	0.0101069960721	0.00411328512362	0.00811062487878	0.0071993148671	0.0576568949696	0.0593109381801	0.131582976132	0.264342607222	0.254380459021	0.203195912124
n	0.0142381024135	0.00310325399127	0.00486543093769	0.0039847370392	0.0257314749085	0.03180903556	0.118067176711	0.218218197941	0.329045180074	0.250937420608
d	0.0483690542621	0.00479462001789	0.00491345762996	0.00450082512348	0.0222561520242	0.0340896575933	0.119585240204	0.20959449518	0.283440661598	0.268455841463
u	0.0492006076101	0.00369353438545	0.00306631763302	0.00383630178741	0.0202761874404	0.0277359551772	0.078038878728	0.178626820027	0.171925389079	0.463600016514
m	0.0190865100176	0.00347862469491	0.00299325744138	0.00441394269426	0.0220150923371	0.0201823851272	0.0704510687693	0.189042178396	0.2196517328	0.448685211998
è	0.00895954111279	0.00338591753458	0.00281977903562	0.00439496206795	0.0210243211064	0.0173900398557	0.0683848468298	0.206753557619	0.288686100533	0.378200939159
n	0.0126258406933	0.00216398671092	0.00254659264043	0.00230488443346	0.00933214027147	0.0097816244899	0.0506059808833	0.16936817474	0.348145699244	0.39312509112
a	0.0143889792831	0.00178719809578	0.00286830016781	0.00262088842938	0.00541066285738	0.00754415175161	0.0408265893678	0.138054004413	0.298138146568	0.488361101107
</S>	0.00808584143068	0.000952533975223	0.00209221207343	0.00295277770625	0.00370494178702	0.00523364972828	0.0238496682939	0.110145787257	0.197936008314	0.645046610553
