 	noo	abbiamo	deciso	che	oggi	avevamo	andare	alla	spiaggia	con	mio	fratello	però	lui	sapeva	che	faceva	freddo	e	non	è	venuto	ma	ma	lì	che	il	mare	non	mi	piace	quando	fa	freddo	</S>
a8	0.0136144916411	0.0500683831897	0.059841918306	0.025977415659	0.02071540188	0.005376124125	0.00248494287306	0.00396346397269	0.00778062509	0.0070201408151	0.011080562652	0.0079832953741	0.00383273340686	0.003546962752	0.0008818899279	0.004514321584	0.085436586445	0.02840274297	0.01717162241	0.0134612315304	0.00413604732388	0.1037791252	0.04786755504	0.048831167	0.1290490618	0.02224223414	0.02953930654	0.01416436372	0.00571527955	0.014025589035	0.041656083681	0.053861655228	0.026696581373	0.082209814625	0.003071306141
a31	0.0051862098119	0.0399868579576	0.041556670326	0.0244655767421	0.0174769490629	0.00377139160367	0.00194044329123	0.0058941940968	0.024209671834	0.0063089573197	0.0116331657967	0.0085287039805	0.00430218970146	0.0056072568404	0.00126060854361	0.00571750463467	0.0921343105303	0.0279416617087	0.0237450286567	0.00898959684107	0.00286301980188	0.1086338336	0.0578621553933	0.0700847216	0.132911497467	0.0178773649467	0.029668695464	0.0196760686767	0.0031355919828	0.0162063825379	0.042679161783	0.052378902488	0.0434222452377	0.0394361865255	0.00250723749393
a24	0.00209428566643	0.0146621590549	0.0262353181793	0.0190794662304	0.0136552369238	0.00157350658189	0.00113010354577	0.00491076750798	0.0296313785053	0.00310694181475	0.00641695042557	0.00400120297323	0.00289024357387	0.00593018888187	0.00120048506511	0.00470072493556	0.111744311828	0.0214417846282	0.0318510523362	0.00650007123036	0.00138344547729	0.0806669585333	0.0920893929931	0.10050057576	0.152115481222	0.0135488739622	0.0334528324853	0.0250470335756	0.00256960711373	0.0151621108655	0.0487231256183	0.0419546331893	0.0514799850992	0.0270189955297	0.00153078646891
a37	0.00101560542074	0.00875786966097	0.0276541554531	0.0191148792321	0.0151800915373	0.00087258360863	0.000742581152552	0.00282209184832	0.0199185507584	0.0035901047187	0.00448855575519	0.00173502237321	0.00151609849682	0.00535838849579	0.000698056596503	0.00320276745852	0.118362489607	0.0169277603561	0.0305120040761	0.00396306457879	0.00125321661163	0.107146659111	0.103365857293	0.112760941413	0.160108660407	0.00987200159407	0.0294454531018	0.0230878735519	0.00289756273791	0.0126576363285	0.0520575956341	0.0289708412364	0.0328795368464	0.0352874167406	0.0017760322083
a24	0.000483104890313	0.0103591540377	0.024920315611	0.0109858058619	0.0234862452564	0.000683305054477	0.000732161505384	0.00215100233031	0.0197726558795	0.00454412290423	0.00459536426973	0.0012985556652	0.00140336385501	0.00563678306043	0.000769991478768	0.00389502013951	0.11320141106	0.0158553767454	0.032024210792	0.0031636154376	0.00240888550441	0.123169481704	0.0884586443377	0.104857971538	0.149684389336	0.0116885823314	0.0250161178406	0.021197274804	0.00420921427264	0.0133509591228	0.058985568206	0.0316808200481	0.0301639038821	0.0517272458202	0.0034393634041
a37	0.000263930500598	0.0217851812699	0.028857684783	0.0123831266777	0.0358061026135	0.00262515825923	0.00168615940943	0.00326873416754	0.0193877174132	0.00554643899688	0.00841129708324	0.0031028439824	0.002135401151	0.00633797296681	0.00132576548226	0.00784866949317	0.0942543345133	0.0258361999151	0.0335957397307	0.0036954802092	0.0063358191776	0.0984332088347	0.0679388710992	0.086525639846	0.111263151312	0.0211442831705	0.0287199829269	0.020141552708	0.0109936775509	0.0223214593076	0.060631379142	0.037392374058	0.0337378180274	0.0693080740934	0.0069587677587
a31	0.000154891177879	0.0236600842513	0.023828618915	0.0135570123858	0.0315373793616	0.00423391035401	0.00296377330684	0.00536636648722	0.0166069201577	0.00816413045946	0.0134577127557	0.00752024942047	0.00284910769467	0.0071360941696	0.00250475774675	0.0123490433977	0.103675367894	0.0314278308784	0.0391020327456	0.0069198144764	0.0121481712396	0.0755668666116	0.0527181402771	0.0784234101487	0.101974237304	0.0292868900902	0.0328142725556	0.0189683465693	0.0118489086836	0.0260874533732	0.0524588008073	0.0307469675307	0.0302032051091	0.0832448679685	0.0064943728159
a28	0.000107592205666	0.0127101062878	0.0131871195863	0.00888441414407	0.0184426427003	0.00297903223747	0.00258118974229	0.00488324096684	0.0178868360726	0.00753660990699	0.0142928678732	0.00800256123249	0.00395391829702	0.00857396713233	0.00264719467092	0.0112630788659	0.141514694061	0.0307592960661	0.0460177556505	0.0092814193268	0.0120684293189	0.0733040043372	0.0617765428364	0.0792577000829	0.103910465235	0.0290135990301	0.0344362582052	0.0219168252898	0.0090208601812	0.0245077309951	0.0502154189158	0.0344880889789	0.0345251457564	0.0628908128268	0.00316258635963
a17	0.000105378731075	0.013595220153	0.0141751608205	0.0114268663722	0.0189211723814	0.00661306836582	0.00345807693572	0.00532568332635	0.0220351704509	0.005021229522	0.0158224849444	0.0062796167275	0.00554513280214	0.0116128465499	0.00266032440631	0.013717670422	0.14066575534	0.0357936503754	0.0420752995168	0.00875621190227	0.00848176123443	0.0678388974457	0.0600771654521	0.0700146724276	0.090394534945	0.0296174082234	0.0371469544684	0.0294858486633	0.0143626642204	0.0318769933317	0.0488762166853	0.0442439116236	0.0393107899521	0.0382031694423	0.00646298675054
a31	0.000115341386158	0.0138727796654	0.0222853795652	0.0203512539397	0.0242035656183	0.00996536700434	0.00538531343673	0.00755792900423	0.0188952703956	0.00698080009133	0.0198347727015	0.00887078880117	0.00591371189431	0.0106721318473	0.00444188642877	0.015492902974	0.10598317566	0.0362944450785	0.0451997241389	0.0111840974874	0.0102407649875	0.0577069574152	0.0579948047507	0.0748404778425	0.0810763046483	0.0325736355211	0.0452055536228	0.0417321213544	0.0189257998201	0.0405413294639	0.0372556385951	0.0349792507832	0.0295992207974	0.0361652577228	0.00766223910351
a20	0.000108432914906	0.00737782998447	0.0189414981544	0.0168898744314	0.017387039352	0.00643433022058	0.00404673064527	0.00564778921298	0.0277664257905	0.00712795814398	0.0163614830872	0.00830720467639	0.00444446886304	0.0143896807319	0.00435247486692	0.011802427498	0.111609254749	0.0350082859128	0.0509815698263	0.0132823847471	0.0105454239924	0.0551197879384	0.0818507729569	0.0889092807742	0.0819915998828	0.030235072067	0.0483766895009	0.0441391315848	0.01831331544	0.036685185508	0.030312415255	0.0320562550331	0.0272755120391	0.0282004453363	0.00372194395584
a28	0.000108256570515	0.00438340868616	0.0090679226268	0.0110620619187	0.0145334947987	0.00747585887706	0.00552024211638	0.0057701181784	0.0321087923435	0.00467696462886	0.0120047430344	0.00502107666146	0.00317364307901	0.0209824477154	0.00284265654231	0.0107073357527	0.139510448066	0.0361387421909	0.0454213486554	0.0106800918204	0.00737579166533	0.0449748060995	0.0777005112923	0.0803526880847	0.0782529208943	0.028140011249	0.0446002966603	0.0521351015283	0.0212688384867	0.0468583731027	0.0359382344617	0.0438836753697	0.035411150473	0.0187430795894	0.00317484257461
a31	0.000235582387998	0.0213856400201	0.0247098877983	0.0113202880786	0.0166207354409	0.0108455278418	0.00713970133547	0.00781734233957	0.0216183632878	0.00633439190789	0.0195109430035	0.00832764244782	0.00655906105	0.0198162741061	0.00412627792344	0.0106644684042	0.119415795509	0.0361441265636	0.0404072978185	0.0127765217135	0.00931599721578	0.0360394863532	0.0688833774641	0.0651224016282	0.0675581138981	0.0288187902163	0.0411828512868	0.0614672457761	0.0360745450756	0.0662277368342	0.0313651673899	0.0345118470966	0.025110451411	0.0191041622738	0.0034419512422
a21	0.000263063744666	0.026298921704	0.0292403024986	0.0071494151722	0.0102491945856	0.00770822878527	0.00398327700628	0.00545406967626	0.0336222860826	0.00612626956756	0.0186563328812	0.00878583594727	0.007470869071	0.0217299076666	0.00448129676615	0.0100356741681	0.0871752314523	0.0388796161545	0.0508360281928	0.0165912031178	0.00972543291059	0.0417127179177	0.102086457541	0.0830808062427	0.0704196092994	0.0254658602321	0.0359251457689	0.0492203962254	0.0338594955252	0.0518406183447	0.01776580511	0.032189014323	0.025342256877	0.0232848935113	0.00334444954767
a24	0.000224791427555	0.0110593144547	0.0135830168787	0.0108397224227	0.0130947208539	0.0165074592442	0.003705561209	0.00587506564422	0.0384587956542	0.00416078877585	0.0111596103377	0.00483923964309	0.004386764937	0.0244155739278	0.00293447103038	0.00891620789737	0.0791829591001	0.0326697573848	0.0621284540309	0.0129619458459	0.00605083470226	0.0414986281726	0.11349481734	0.101359263808	0.0782588072331	0.0230750042374	0.038776645063	0.0586181638418	0.0212146759751	0.0364540366482	0.0121728834007	0.0426923938251	0.0362308748657	0.0243586128504	0.00464012043149
a31	0.000278132736318	0.00756285989023	0.00985974321957	0.0132084087649	0.016630355394	0.0231083181171	0.005221211573	0.00811029672434	0.0266000739247	0.00653695540595	0.0137276529566	0.0066580625217	0.00496141600873	0.0191529876626	0.00413148362613	0.00843184413112	0.0659795857	0.0319294305616	0.0575306909903	0.011872745062	0.00723395886282	0.0382328381242	0.126982156653	0.0940032517627	0.0730477189444	0.0237110314791	0.040602011421	0.0729338568139	0.0288111081117	0.0566559304561	0.0118357950802	0.030679861235	0.0265581288672	0.0225199644035	0.0047001493445
a41	0.000236406267906	0.00516605113141	0.00662728274452	0.00643499435697	0.00899377728733	0.012512347039	0.00366889717393	0.00576764698545	0.0344515978816	0.00660434017065	0.0121919564189	0.00666474214257	0.00508057083264	0.0241409691502	0.00467322388831	0.00963357066771	0.062567865332	0.0346264093872	0.0528168572834	0.017674878174	0.00762721282494	0.0414118161081	0.151709483218	0.107987588921	0.0653225037815	0.0204647517264	0.034874913027	0.0615934384713	0.0272095894572	0.0559907482587	0.0111567952934	0.0307646509871	0.0281818665477	0.0305775886612	0.0045926959415
a17	0.000176892079329	0.0028406400778	0.00375324028017	0.00325860201939	0.00406561040031	0.00581381972633	0.00172578426784	0.00304228062982	0.0423966746405	0.00392146140955	0.00671708421697	0.00388084498819	0.00389724437755	0.0287984577406	0.00315228098504	0.00940323925924	0.0613822389293	0.0247513033091	0.0564562823145	0.025923694438	0.00541382750365	0.0363226313494	0.143148270939	0.12287561324	0.0653978593938	0.0193995701621	0.0384918752223	0.0717244436238	0.0157922522391	0.0353165086862	0.0084255460978	0.0461624150158	0.0407502528492	0.0482286815937	0.00719258345517
a38	0.00017216927463	0.00182204999327	0.00269069500339	0.002676525205	0.0032259626585	0.00619067519051	0.00146562044675	0.00254358820914	0.0407357624642	0.00286362815718	0.00499132193632	0.0033183881254	0.00450104307918	0.0224561299107	0.00266000707301	0.00708940206975	0.0483517855898	0.0210366647164	0.0581611291048	0.029796134146	0.00485751694788	0.0359959980298	0.125281730713	0.11423595048	0.0742918509313	0.0256647155407	0.0496218499341	0.0946477704746	0.0135194923797	0.0380772179621	0.0102872161259	0.0507594291633	0.0419476806031	0.0459302191046	0.00813270283372
a20	0.00021562076193	0.00288294345642	0.00414209387313	0.0049426803442	0.00751528139137	0.0251348951718	0.00244952226118	0.00422599566025	0.0401554429867	0.00410320192573	0.00823374123211	0.0044786044658	0.00519962700639	0.0187065308629	0.00354540324034	0.00655287610992	0.0441990559566	0.0255677852921	0.0481709622016	0.022498897562	0.00551314560156	0.0400865720166	0.0897550458177	0.0941690531333	0.0779299748171	0.0322738805136	0.056803168178	0.0956113737582	0.0178851854932	0.0544879705207	0.0265704777086	0.0515553105011	0.034956691801	0.0324096905349	0.00707132166857
a41	0.000234617518278	0.00385079300947	0.00517055030638	0.00580877852055	0.00879317145592	0.0305554996723	0.00278790991986	0.00484219783155	0.0422287282969	0.00572579036858	0.0101632534974	0.0052640349606	0.00473742953546	0.0152005161916	0.00412152483478	0.00553490336997	0.0449111713455	0.032447441964	0.0373471797272	0.027399685554	0.00598592112079	0.0410916158122	0.0694901156526	0.0799808006178	0.0809597092457	0.0350215149712	0.056672483246	0.0819627554527	0.0186394045244	0.0624110451736	0.0520075737629	0.055899802339	0.0305889546937	0.025740979743	0.00642215210686
a7	0.000300022680021	0.00452370412982	0.00584631136853	0.006071114294	0.00859486283584	0.0274038664231	0.00310501814595	0.00506793756692	0.0437184093923	0.00645504397619	0.0098980229258	0.0050222258802	0.00447504360515	0.0122826904332	0.00411041913026	0.00468919055666	0.0424526830752	0.0416013924347	0.0340845826024	0.0313469475847	0.0058892411616	0.0452928432307	0.0578416430175	0.0703115011393	0.0914443447486	0.0356935637904	0.0487856710687	0.0704781664842	0.0166463697828	0.0626848471912	0.0672026053276	0.057650073125	0.0330716791579	0.0260524198923	0.00990554629562
a31	0.000474175911394	0.0360197118099	0.0313045118966	0.00802927168373	0.0126974773723	0.0278224354169	0.00501936979132	0.00716795056391	0.0414939029361	0.0084636547414	0.0137092636286	0.00869788550807	0.00759976729772	0.0107805034131	0.00504693107009	0.00518317477222	0.0427838167584	0.0405218984449	0.0298776251008	0.0191260526482	0.0072996032452	0.0451836192369	0.0491455393858	0.0561972817598	0.0795972758229	0.0320327774635	0.0410513179562	0.0648244594281	0.0236568797423	0.0611875497304	0.0644560210692	0.0427348666817	0.0274082203926	0.0324435017108	0.0109616998585
a20	0.000490681934198	0.045920207098	0.0382903639789	0.00668910711324	0.0106184143581	0.0159366561287	0.00469491056985	0.00638585198157	0.0444630942107	0.0078245169418	0.0126707763629	0.00933928472936	0.00901869504857	0.0112712552157	0.00506861850203	0.00505524436407	0.0385543358061	0.0278492103283	0.0481557133336	0.0217631778161	0.0071970180504	0.0438856160123	0.0861908104419	0.0708561300333	0.0697031724476	0.0280270579278	0.0413464322321	0.062959831476	0.0233803104408	0.0475111328435	0.0424733406031	0.0360631295099	0.0298777795842	0.0337376193436	0.00673048430883
a8	0.000596105619666	0.0180300430647	0.0153486459096	0.00379025049468	0.0053085073167	0.0118328644936	0.0027335439307	0.00386206350746	0.0373214004656	0.00462914885927	0.00701336021563	0.00476234411645	0.00708344637886	0.0113464230099	0.00363239719468	0.00408211514802	0.0272393727687	0.0196741081341	0.0637651175845	0.0421466127427	0.00476301285413	0.0448519346708	0.122322073281	0.109197430144	0.0952008592825	0.0239382780159	0.0389542598507	0.070675300172	0.0132664325336	0.0388351455878	0.0285880392744	0.0449838583393	0.0397407770947	0.0253297699145	0.00515494511228
a24	0.00228630148509	0.0115897417189	0.00962449936387	0.00467772498316	0.00673518659957	0.0237600556348	0.00415660239743	0.00506337138915	0.0308118718305	0.00580224239976	0.00777216711988	0.00507718143215	0.00720680647562	0.01068632321	0.00437800060689	0.00488323575601	0.0206627128029	0.0204896801227	0.0497119069348	0.0507324065849	0.00453800744471	0.0401354799569	0.0936236144937	0.0958427369813	0.103455210628	0.0209728625053	0.0287874034436	0.0684478921373	0.0116070489005	0.0389271651026	0.0458178723448	0.0544786711598	0.0632464659382	0.0367370857582	0.00727445299743
a31	0.00362375413236	0.019050624073	0.00956687861862	0.00795415734105	0.0137487474932	0.0293871364249	0.00898156823248	0.00975164599105	0.0447094594635	0.0121130735466	0.0148181794	0.0117337709241	0.0136876908679	0.0184136360567	0.0159112441156	0.0116257131787	0.032025925201	0.0207077890742	0.0320833426916	0.034522525715	0.00819607095757	0.0330192753856	0.0455860056112	0.0503854822338	0.0728883512293	0.0212642236684	0.0246975320479	0.0521985927791	0.0167940232962	0.0413697789342	0.0750300226283	0.0667448797466	0.0657732262661	0.0533191122794	0.00831655811248
a24	0.00503250267745	0.0246033172177	0.0101601925995	0.00979221340702	0.0152583321644	0.022350130995	0.0106215664975	0.0112068344503	0.0518109707678	0.0136417459355	0.01664063796	0.0133233967347	0.0160806502986	0.0207804129789	0.0197907549785	0.0136296896262	0.0355534388537	0.0232849348514	0.0235673730105	0.030829582645	0.00890102107386	0.0399480999952	0.0332878701171	0.0349316230513	0.0558419156631	0.0214667476561	0.0265159120826	0.0535662956597	0.0168843654294	0.0384036376114	0.0709320413228	0.0595856148489	0.080659222062	0.0635553454798	0.00756161275083
a31	0.00590706017382	0.0183590707526	0.0091754816905	0.010245545269	0.0165186135215	0.0199299723317	0.0146999698658	0.0120692680301	0.0493748944026	0.0130363841652	0.0166242117133	0.0120761008449	0.0129062400795	0.0187691444263	0.0184389004062	0.0119767272687	0.0329284933379	0.0253838026238	0.0230504848235	0.0300298200217	0.00857977059662	0.0438148104651	0.0328783227257	0.0350613947038	0.0505641478944	0.023638549652	0.0320432858942	0.0588978888866	0.0166819196871	0.0367402705371	0.0674929437743	0.066640643883	0.0896313625273	0.0584176280133	0.00741687652761
a17	0.00642754213927	0.0151399026175	0.00929896257417	0.00956131417633	0.0166619492338	0.0227145027839	0.0154878574086	0.0133750272234	0.0398700772675	0.0128003812684	0.0172139375911	0.0123048143683	0.0129594568265	0.0216009905288	0.0193635607821	0.0136971169429	0.0396193487193	0.0236654775546	0.0225030062945	0.0291389530152	0.00916896320954	0.047968347755	0.0390673205952	0.0437253111213	0.0512042631381	0.024705799284	0.0341079813181	0.0650649194289	0.0173845009077	0.039076382179	0.0700954156914	0.0710025414943	0.0618814688824	0.0439206085844	0.00822200728654
a31	0.00748832291042	0.0142934982792	0.00951601875806	0.0107798830988	0.0177224507513	0.025265721348	0.0174552313962	0.0134894037211	0.0342687036225	0.0119426503161	0.017146553957	0.0119379774961	0.0131929013955	0.0203097477163	0.0158636496407	0.0152800309543	0.0387526092464	0.0236291488649	0.0225994030515	0.0298063483997	0.00919724027385	0.0511746254517	0.0376648949317	0.0449383654404	0.0519458864394	0.026452266988	0.0357581290594	0.0679626016763	0.0179370872146	0.0449196893263	0.0608327848305	0.0689849417648	0.0640977686675	0.0386796887081	0.00871377230885
a20	0.0114211385275	0.0144598657464	0.0106305491527	0.0120907361463	0.0190663327571	0.037200005236	0.0199930437387	0.014275562887	0.0355216998742	0.011914241612	0.0171629042323	0.0125880063454	0.0152344430785	0.0204934944988	0.0160974313669	0.0175888910914	0.0369321196421	0.0218202159016	0.0216300593705	0.0265062685866	0.00997135949795	0.0458506338839	0.0268711761106	0.0347295710801	0.0457014616065	0.0270588941893	0.0352743124865	0.0676346693588	0.0174529736315	0.0454552280421	0.0580397520435	0.0708102657883	0.0685864868225	0.0425173401227	0.0114188552096
a31	0.0138074899598	0.0152967360088	0.0121664176189	0.0152550602621	0.0198255649057	0.041700062672	0.0221631973796	0.014375773029	0.0335245448247	0.0119850486307	0.0163946250308	0.0129338678618	0.0161504800262	0.0203805204729	0.0153807043623	0.0184559372305	0.034311531134	0.0197290039872	0.0214662102302	0.0250350578955	0.00950636343932	0.040110903628	0.0221712693035	0.0277041494667	0.0432258823355	0.0268672832631	0.0343553089622	0.0676757019196	0.0175335882905	0.0463785858807	0.0512475417812	0.0777714453961	0.0777109355408	0.0438774486609	0.0135257422805
a23	0.0165272294906	0.0184979838763	0.0146919631076	0.0181311407407	0.0218754125552	0.0453767186173	0.0242680288599	0.0179115818097	0.0312144964082	0.0150167466902	0.0198577854103	0.0156148523273	0.0173015180887	0.022594676291	0.0168660460074	0.0211847994768	0.035441898438	0.0185322428491	0.0205264966901	0.0223129411318	0.0107014210531	0.0346863912093	0.0189661060878	0.0227286855289	0.0370613082452	0.0246192195877	0.0309703507874	0.0573355556532	0.0174271960462	0.0466458798936	0.0455559984271	0.0762495688654	0.0779580609469	0.0531553478003	0.0121943304175
a31	0.0182166270209	0.0202074987814	0.0169958209852	0.0218639782202	0.0229722654517	0.0490581094191	0.0238996939533	0.0197723695899	0.0323515814027	0.0175580683567	0.0220443095634	0.0174105452091	0.0182899270962	0.0274487884637	0.0183957229291	0.0240580902923	0.035957015046	0.0172556878164	0.0200204587967	0.0208629326039	0.010550571191	0.0323471696698	0.0179989741693	0.0194770824163	0.0328618534484	0.0215567660626	0.0270653834625	0.0524256034311	0.0180098883914	0.0459147073445	0.0386391437624	0.0647692792218	0.083161446149	0.0580335031134	0.0125491257458
a11	0.0226898230643	0.0231075365498	0.0197596120111	0.0237313207401	0.0240020058839	0.0540159326197	0.0245351331844	0.0212757565166	0.0329278899342	0.0184793396856	0.0227258930811	0.0184157609697	0.0201571923654	0.0298570205879	0.0186546828564	0.0263648903641	0.036761322082	0.0160120799388	0.0192063271522	0.0185391322546	0.009236335397	0.0297065925566	0.0153483361431	0.0167342005788	0.0293249133495	0.0190649909542	0.0246766050875	0.0509707048104	0.0176989633638	0.0465004343482	0.0342535370075	0.0604464996073	0.0848382463163	0.0577590117711	0.0122219649953
a31	0.0233126152081	0.0242548886699	0.0215192436504	0.02489475998	0.0226491674813	0.0649119221132	0.0214827325281	0.0221876734522	0.0344357975781	0.0194358201219	0.0237917565604	0.0192267003632	0.0212845795218	0.0312808246293	0.0190431028055	0.0271722941214	0.0373896946273	0.0152863638196	0.0186875905374	0.0174247820115	0.008734357019	0.0289591413989	0.0146778979344	0.0158809333063	0.0293316868432	0.0179388991847	0.0231954320958	0.0525005608035	0.0165499968613	0.0462386039027	0.0304677405558	0.0545929835091	0.0833684123054	0.0562988523904	0.0115921735478
a18	0.0266087257894	0.02584132373	0.0219106201968	0.0259570973933	0.0240192656804	0.0596695962777	0.022001260576	0.0239207554307	0.0347420952594	0.0202853076673	0.0241876972201	0.0194518947611	0.0214634227073	0.0319567618431	0.0195894789018	0.0300331515738	0.0374421863424	0.0150657009799	0.0211549110391	0.0217198575438	0.00958766243967	0.025810820213	0.0153641338381	0.0157028100821	0.0281164639744	0.0180280451816	0.0226604111919	0.0442805294678	0.0158343003858	0.0447959161009	0.0260273187786	0.0530544754097	0.0827257014885	0.0593487783301	0.0116415206919
a31	0.0279935625458	0.02631442807	0.0223356206469	0.0258546549444	0.0249846382935	0.0597255599592	0.0217977992853	0.0245668422769	0.0321001092198	0.0201307378891	0.02407180874	0.0193526840537	0.0212616077291	0.0310349850477	0.0191404908006	0.0308616397246	0.0367369376208	0.01548180602	0.0224042903797	0.0232105228879	0.00983728864656	0.0253860813443	0.0154886175727	0.015767582754	0.0279857842581	0.0184824574739	0.0223801331573	0.0442180201559	0.0155821290673	0.0447406820136	0.0235110594129	0.0474571877766	0.0869727631895	0.06143715391	0.011392351644
a33	0.0177483814979	0.0214909845167	0.0204721171303	0.0270018627281	0.0258480850978	0.0544544167864	0.0227748778551	0.0239172488256	0.0295647179866	0.0202173761297	0.02352217368	0.0200784853512	0.020272506003	0.0269253263559	0.0203554170335	0.0288580981749	0.0312987831803	0.0171733309667	0.0232836491199	0.0243793026293	0.0128140004089	0.0243037844548	0.0161402682842	0.0164683322447	0.0277089949527	0.0185103858913	0.0223582551858	0.0405125351853	0.0146587700291	0.0396776277579	0.0202431890843	0.0443149640589	0.103129971037	0.0897700282967	0.00975176284133
a23	0.0171082463993	0.0225065788656	0.0199897909768	0.026743137976	0.0297948700993	0.0543774100621	0.026829503885	0.0281855842085	0.0281256347955	0.0209547946766	0.02364378916	0.0223632496504	0.0216644653343	0.0353418415586	0.0264151595445	0.0357766704583	0.0324630567268	0.0192799763089	0.0234800248666	0.0290086873831	0.016961790843	0.0220843080849	0.0158596134947	0.0159439704149	0.0205011664509	0.0159715938038	0.0176924938619	0.0264823188618	0.010421611323	0.0240225999326	0.0161661957281	0.0332600198463	0.095740369079	0.114776894359	0.0100625723471
a31	0.0198044005464	0.0203224413112	0.0224991865789	0.0360060932587	0.0346304240331	0.0577450236207	0.028269731615	0.0266897531762	0.0316819278852	0.0215256006255	0.0230236538533	0.0222541868835	0.0210245875648	0.0455041218329	0.0263415212615	0.0386271412861	0.0358458659089	0.019483429163	0.0239831616155	0.0218019898677	0.0142559475743	0.0233763239883	0.0171512474582	0.0186676446516	0.0211830506036	0.0186875067346	0.021545180954	0.0308481458206	0.0147002713877	0.0244791414442	0.0197560179427	0.0297453667821	0.083230065693	0.0723802665197	0.0129295645557
a41	0.0340786901288	0.0272409292997	0.0288799916463	0.0369918488196	0.0336904015444	0.0534315082736	0.0262569239917	0.0265885370321	0.0299435601617	0.0221301338752	0.0240056632178	0.0214823820278	0.0208494967083	0.0432729531243	0.0233427373005	0.038795793762	0.040759471903	0.0191597683277	0.0244700215318	0.0229837678426	0.0124946141914	0.0236656358894	0.0175382146194	0.0184748311972	0.0217885726545	0.0189385837249	0.0212598896913	0.0306453783402	0.0165667258812	0.0287383066947	0.0219040046142	0.031399443694	0.0668357136177	0.0575392375399	0.0138562677852
a31	0.0360230427629	0.0291277980826	0.0289851057194	0.0322817314732	0.0296020118481	0.0575690272912	0.0240777775639	0.026400088544	0.0291183007872	0.0217268159251	0.0246526626726	0.0210060797426	0.0210602541694	0.0387828059148	0.0218911432668	0.037316609254	0.0417254543677	0.0184071149426	0.0236587385839	0.0228098927342	0.0116923178505	0.0263048280298	0.0170455882198	0.0187963470991	0.0259517656182	0.0186764490283	0.0215725534038	0.0367500015134	0.0149634107124	0.0338293483249	0.0203267815047	0.0323376881847	0.0700275579259	0.0526910448133	0.0128118787351
a25	0.0181548004616	0.0208066897235	0.0240359670398	0.0313696382471	0.0256557671894	0.0488371449851	0.0212780398756	0.024190913034	0.0266514388491	0.0216430161284	0.0239695015882	0.0193464179315	0.0197278167418	0.0306840524916	0.0179124665529	0.030693060818	0.0343212917492	0.0220099517475	0.0311557081346	0.0234755034581	0.0113924381215	0.0391579270099	0.0245078110199	0.0328415732664	0.0743336053061	0.0232180761161	0.0259317382013	0.0429783007045	0.0135706844735	0.034298558375	0.0215941394282	0.0267633562149	0.0618678243086	0.0412030064644	0.010421796145
a31	0.0130933644412	0.0169836897545	0.0222860057493	0.0354355522384	0.0357757527698	0.0520263377897	0.0206721803795	0.0230981885973	0.0404949298697	0.0235606711295	0.0263655776934	0.0192397704612	0.0206115405859	0.0335720194105	0.0178272035283	0.031178974806	0.0341231886097	0.0211465427558	0.0299324760382	0.024100718766	0.0110669634518	0.0410457609633	0.02329079828	0.0319337462555	0.091154205382	0.0205909836387	0.0240017048004	0.0433465729682	0.0135313245272	0.0306246509983	0.0177052436161	0.0183627645583	0.0388981721695	0.0441644024815	0.008758043915
a37	0.0232674980604	0.0182504949848	0.0223208075831	0.0381976612795	0.0440396253899	0.0620784737032	0.0220610921598	0.0239214262658	0.0477462420232	0.0249842774365	0.0292402813645	0.0204470539537	0.0233341782153	0.0394803634435	0.0216122606228	0.0381735545353	0.0380049964032	0.0173801994919	0.0243744764061	0.025636738082	0.0101492627106	0.0311494788811	0.0165748285667	0.0179082439185	0.051917955814	0.0152870365196	0.0200376322001	0.0436411127361	0.0134218854824	0.0338234344861	0.0126090401854	0.0182350183594	0.0473482620565	0.0543071995738	0.00903792853167
a28	0.0274603269135	0.0201679568149	0.0195017220277	0.0319552875598	0.0376642110633	0.0607511499011	0.0229244349199	0.0251743067553	0.0330642227411	0.0222683087722	0.0270702417215	0.0213470421846	0.0245593788384	0.0345777839878	0.0273388824076	0.0377703399784	0.0344169056677	0.0171664510173	0.025526742402	0.0331369333207	0.0112848620902	0.026512833027	0.0172971900822	0.0159099209728	0.0326798713113	0.0146194589465	0.0181134351334	0.0431852891254	0.0101209362008	0.0354492372687	0.0113100923285	0.0221382046065	0.0793139569788	0.0690779878046	0.00914410917722
a31	0.0196480227778	0.017853742261	0.0180059705252	0.0336850993199	0.0331260682878	0.0722941676337	0.0219961888133	0.0206219942051	0.0328042773804	0.0185122161707	0.0218901414072	0.0198488386482	0.0221201767461	0.0342125168426	0.0263654759825	0.0347263721661	0.0369862690892	0.0179550880391	0.021634434734	0.0252235428669	0.0099549577634	0.0337071574223	0.0164726067541	0.0184259868843	0.0326455765971	0.0159217538488	0.0229163434445	0.0503320887085	0.0114064760669	0.0383262085562	0.0120789474162	0.0260977005622	0.0919769920196	0.0607699514682	0.00945664309907
a17	0.0362399348393	0.026421043923	0.0309287402844	0.0333272205733	0.0307508015626	0.0711269633446	0.0222357139111	0.022913336355	0.0366788551268	0.0176658248902	0.0199247779691	0.0182287178694	0.020437784182	0.0389278567542	0.0236558549075	0.0381479220287	0.0442994388297	0.0193145042597	0.022537086778	0.0252700210223	0.0098320268278	0.0372674280208	0.017153849418	0.0196220576548	0.0326802288257	0.0160523470829	0.0227081538148	0.0441600211695	0.0117288614223	0.0391387791187	0.0136074311454	0.0254182384141	0.0623803975532	0.0392434513627	0.00997432569969
a31	0.0419200601998	0.0290679907877	0.0356985856148	0.0326676106978	0.0292834060542	0.0692001252482	0.0229631631704	0.0237623068917	0.0365614685756	0.0171981572301	0.0192970154564	0.0180035191765	0.0200184237607	0.0366447051381	0.0211613077225	0.0361742818096	0.0439411874766	0.0201481780332	0.0245660506127	0.0254172355808	0.0099562086626	0.0362667425736	0.0172168525793	0.0212576369783	0.0364102946219	0.0188811808943	0.0247540428716	0.0443708256565	0.0114986018074	0.0421140948129	0.0167313745418	0.025216259178	0.0499737576644	0.0317288979276	0.00992846639323
a35	0.0436127374333	0.0347497552759	0.0405986215916	0.0340048368059	0.0303263127514	0.0645492256827	0.0248648066568	0.0226880243372	0.0374868037919	0.0165787792234	0.0180865288055	0.0169894990122	0.0196522745136	0.033658297066	0.0182764845942	0.0362342345365	0.0412422121589	0.0206149858244	0.0265774012242	0.0270132461669	0.0108018386075	0.0346603010245	0.0178447483798	0.0221181465528	0.037811287154	0.0204687944581	0.0258451830239	0.0414675196855	0.0119048908958	0.040721968711	0.0177747388406	0.0257236674327	0.0447395358415	0.0292229148892	0.0110894203111
a8	0.0460980261444	0.040130565692	0.0441604145305	0.031443080202	0.0359511602505	0.0584446490942	0.0269071660856	0.0269679886457	0.036611901624	0.0178372586745	0.0186940797218	0.0183934996307	0.0200621063712	0.0524925067153	0.0235378190647	0.0427165502455	0.043656966053	0.0220450856748	0.0306011248747	0.033135789029	0.0150985836692	0.0308632446082	0.0210416572066	0.0219096797843	0.0304804288513	0.019253939046	0.0205044268746	0.0282733553618	0.0104931402053	0.0267647381703	0.0200731236135	0.0227161182776	0.0280844352538	0.0225833199031	0.011972085157
a31	0.0282284487548	0.0295499170707	0.0343777135768	0.0405437838673	0.0445196135502	0.0693984958314	0.0256718963619	0.0242842006819	0.0307306005013	0.0186691293848	0.0188882241339	0.0198503365702	0.0195987998037	0.0543606028118	0.0223761035282	0.0375292979485	0.0423548068843	0.0243884848983	0.0302926519582	0.0237486159897	0.0145116918564	0.0318631904027	0.0214430972689	0.0234833292748	0.0317126957504	0.0226767941753	0.0245472226915	0.0365560186539	0.0137764458818	0.0254965473234	0.0236888448978	0.0239701807925	0.0330042873713	0.0213438299277	0.012564105179
a37	0.0482778590249	0.0320318299969	0.0359667307256	0.0423053645558	0.0445634731834	0.0673832514105	0.0261133649206	0.025798425294	0.0305611620338	0.0194972964883	0.0200183888046	0.0194176256567	0.0202646009746	0.0410741995439	0.0207205543494	0.0361895378495	0.0415243247281	0.0219842539061	0.0280486727994	0.0255193195099	0.0127443080788	0.0265848888009	0.0194367367563	0.0205309652383	0.0288761227835	0.0218098723918	0.0235427146305	0.037277443658	0.0156025269206	0.0294155682145	0.0199235842593	0.0257861900575	0.0335936362571	0.0233857191492	0.0142294869663
a24	0.0532203881683	0.0327793921456	0.0312298558285	0.0316196115853	0.0385656522611	0.0632786842702	0.0256103978402	0.027478340498	0.0317193595446	0.0189213722428	0.0218146540749	0.0199894055522	0.0200781563249	0.036650539748	0.0241281041831	0.0367935142165	0.0382267833294	0.0201601477687	0.0257825566131	0.03209339593	0.0134137869996	0.0222118702203	0.0178665813454	0.0182375652794	0.0227832887945	0.0176187737706	0.0181574314102	0.028436017926	0.0129778218335	0.0273756208448	0.0146099272464	0.0290794030458	0.0700319896857	0.0430774863564	0.0139821278661
a31	0.0267231435628	0.0242723994139	0.0213797593028	0.0330143272618	0.036632298287	0.0678884523234	0.0219484371467	0.0196601173393	0.0298792189815	0.0159922366943	0.0190432161116	0.0177711421441	0.0182581996483	0.031677451636	0.0201897345077	0.0310219498055	0.0323223698965	0.0232602684429	0.025540336971	0.0245708117367	0.0118192290999	0.0338377510601	0.0202334779085	0.0235084992331	0.0284304485648	0.0222886769902	0.0252302675367	0.038421872242	0.0169602751578	0.0396899682816	0.0162206273088	0.0331975807086	0.0856985230952	0.0489449711855	0.0144719611527
a20	0.0462310744676	0.0313231034233	0.0284920484743	0.0319733762873	0.0347564445623	0.0622223594078	0.0208760600489	0.0197071548864	0.0332753698605	0.0154823555648	0.0184093673172	0.0148081145547	0.0172673568894	0.0347010107987	0.0172513102159	0.0337733402685	0.0362468569655	0.0230092356276	0.0262463605837	0.0253108943789	0.01173236536	0.0368644037867	0.0213572573362	0.0247855412044	0.0322971316216	0.0254467244767	0.0282181215789	0.039658978614	0.0202284710593	0.0466116888005	0.0183996319029	0.0316045735962	0.0436338802317	0.0298370827285	0.0179609364442
a10	0.0536940395759	0.0382874692744	0.0422333802914	0.0316304185891	0.0419722887874	0.0637326159359	0.0217001290163	0.0214623782288	0.0340214371535	0.0135524165616	0.0185070369191	0.0142674823049	0.0196127118965	0.0325110156996	0.0179351808053	0.0334351588228	0.0350125071218	0.0263632556359	0.0283461310879	0.0339286932196	0.013321183	0.0299337750622	0.0204025544454	0.0229025883215	0.0298529855405	0.0228699991056	0.025728388793	0.0331931724047	0.0183070257264	0.0409868388402	0.0172581248343	0.0278881799321	0.0311076792972	0.0238826739495	0.0201590559281
a20	0.0275696083653	0.0320348730248	0.0421992292105	0.0364820252697	0.0516861197758	0.066299855112	0.0203206786721	0.0178564738096	0.0294246171845	0.0102688080805	0.0155510675997	0.0132586348083	0.0217189959522	0.0254761399465	0.0164715989618	0.0296868576076	0.0293242506406	0.0350420413453	0.0353311701626	0.0411899227665	0.0135198405533	0.0335886682207	0.0250653179485	0.0282458066405	0.0332063595135	0.0233440533019	0.0283679969643	0.0334470132016	0.0160993043755	0.0418006446801	0.0165968169581	0.027708053144	0.0375165941591	0.0231959778032	0.0211045793247
a17	0.0196359833018	0.0292008480416	0.0368286165035	0.0365498172899	0.0560978294653	0.0630950770373	0.0183013667707	0.0151759594699	0.0260730284615	0.00913038938017	0.0138042579066	0.0129350473361	0.0196353245841	0.0207706881288	0.0160149188606	0.0260135840025	0.0259286315469	0.0378758773151	0.0379878000542	0.0415440067488	0.0139549828711	0.0369855996736	0.0296479161162	0.0322842676135	0.0360767401712	0.024424191234	0.0289155003548	0.0324614886005	0.0147915354118	0.04276686976	0.0172527502927	0.0328256268813	0.0431219674464	0.0260853396277	0.0258061955169
a23	0.0179751544273	0.0311981670072	0.0363437514878	0.03482204123	0.0652982890618	0.0620218262991	0.0159135404236	0.01293090431	0.0266121462872	0.00944744972006	0.0135015975289	0.013671952152	0.0167723485147	0.0212645500429	0.0161203569802	0.0214699518408	0.026290133449	0.0368162649384	0.0341509720847	0.0323276286496	0.0148864866637	0.0394968092245	0.0317637707054	0.0328602802045	0.0372730213904	0.024415978478	0.0271821466516	0.0304726767335	0.0148975443706	0.04223586612	0.0221709962442	0.0367878049604	0.0413881829688	0.0289785255226	0.030240910179
a20	0.0201092549758	0.0401747488957	0.0412800865626	0.03332359639	0.0729048252673	0.0544007891864	0.0148447712945	0.01202176099	0.0325871312957	0.01156594698	0.014655570443	0.014491712024	0.0164001590782	0.023164448881	0.0160736793067	0.0204030325203	0.0279798479497	0.0350700304795	0.0314849193616	0.0292469862565	0.0146378168079	0.0422111892748	0.0323150008351	0.0315934169348	0.0346316746635	0.0230980818927	0.0244178332839	0.0288847968445	0.0156705994435	0.03965007644	0.0234464807814	0.0338110957201	0.0368647857229	0.0296219826409	0.0269618933197
a28	0.0246071964919	0.0609374814986	0.0513121336542	0.0327180712833	0.0698139246758	0.0455583905021	0.0145479496182	0.01150510173	0.0343952728652	0.01264256324	0.0142009366143	0.0143694038347	0.0167368060927	0.0228241407603	0.0157824171022	0.0201987270401	0.0271992259832	0.0318728957598	0.0296136888539	0.0283172158855	0.014237246776	0.0405114058916	0.0307294438784	0.0291450442116	0.0314704112212	0.0223543396309	0.0239854340946	0.0297238111482	0.0184974267612	0.03605259688	0.0228269995338	0.0331489133734	0.0319727435076	0.028623056947	0.0275675850066
a8	0.0265533169373	0.0719012809662	0.0601439390181	0.0322810675811	0.0604082974453	0.0463435983807	0.0128373859727	0.0112891899367	0.0338225351884	0.0130247964067	0.0146410519248	0.0146449340516	0.0162761068309	0.0308722279201	0.0157363888341	0.02556797448	0.0323800647944	0.0332781362533	0.0262593044846	0.0245589321085	0.0149078790587	0.0382813021639	0.0275428594261	0.0264002485705	0.0301969394071	0.020438078677	0.0216881853649	0.0255249120494	0.0175918016137	0.0349670778933	0.0222598354513	0.0320480278578	0.0290565070825	0.0282425369157	0.0280332763822
a23	0.0331779478191	0.0823488150554	0.0730915968727	0.0281692502604	0.0510944496151	0.0430030322336	0.0131951633042	0.0134887528722	0.0377832081961	0.0156083321556	0.0175171858283	0.0159569396172	0.0162921505036	0.0376374436734	0.0168429955047	0.02916747236	0.0408598481981	0.0360910600844	0.0239372316282	0.0211063953828	0.0146576766329	0.039177199788	0.023309303342	0.0233966195902	0.027945918469	0.017728717759	0.0176485121883	0.0192966268165	0.0138944283246	0.0399705217244	0.0211731500904	0.0255877350859	0.0246312839408	0.0245809994386	0.0206320294674
a31	0.0359600812397	0.113763377952	0.0924542536242	0.0294761516535	0.041939306605	0.0445563194112	0.0160010805014	0.0143848138041	0.0387754705987	0.0169132471052	0.0179014459828	0.0159714663391	0.0188882905479	0.0317448131245	0.0162216414949	0.02640601396	0.037728382066	0.0275748947281	0.0192951222761	0.0160724208609	0.0113932302576	0.0343878938893	0.0179558930273	0.0181941241101	0.023974539423	0.0149422866197	0.0169177971961	0.0288439675388	0.0140360908682	0.0507329104148	0.0192113774568	0.0222052266953	0.0209269045669	0.0192480992795	0.0150010472625
a32	0.0261905084132	0.0999084011507	0.0826603794414	0.0287545814378	0.0342942342017	0.0483099358704	0.0168750656005	0.013234827788	0.0337979222662	0.0155841173817	0.0172642915676	0.0156375301597	0.0201523142693	0.0241569412015	0.0147135453983	0.02413903776	0.030054729222	0.0264004857427	0.0197768812254	0.0168971269536	0.0116138347592	0.0323942217231	0.0178816716558	0.01998107635	0.0244924580743	0.0175145099066	0.023449670132	0.0400047212463	0.0200407471961	0.0621161380849	0.0184883345523	0.0271961532984	0.027529213309	0.0268987398265	0.0215956410608
a20	0.0177617027511	0.0621376726169	0.0788343839805	0.0184080571526	0.0276800450672	0.0342089394235	0.0143131147802	0.0122066566093	0.0279520056221	0.0140918052339	0.0164548672292	0.0146512537132	0.0176998606898	0.0226999348938	0.0135294437328	0.0219639503667	0.0362128007407	0.0317499833142	0.0244414594085	0.0199774773245	0.0128668922797	0.0428367315077	0.0230710323519	0.02750680165	0.0323127141581	0.0216908266355	0.0271912527773	0.0379321178821	0.021157432292	0.0769375149616	0.0290496306108	0.0301861255661	0.031132390423	0.0321932497688	0.0269598843403
a8	0.013566966597	0.0492090570056	0.0756698465935	0.0163707585375	0.0277005521557	0.0231530211412	0.0134719923401	0.0130637683631	0.0271357647407	0.0150785844046	0.0170318788497	0.0154996908911	0.0175554003633	0.0243628928179	0.0148576713776	0.0223845692356	0.0405312375802	0.0380313402381	0.0278222828028	0.0195464266482	0.0129958346532	0.0483825530359	0.0266613443173	0.03099455975	0.0366454862527	0.0241190199452	0.0266783747258	0.033409567894	0.019415617124	0.0754281182539	0.0338148543169	0.0299188984554	0.032721155461	0.0334825210829	0.0232884177534
a31	0.0133076759323	0.0375325765619	0.0480664353312	0.0214442320058	0.0293431273852	0.0252345758471	0.01677021266	0.0143772564144	0.0282859181269	0.0164044165549	0.0177007952166	0.0172360583104	0.0214795470544	0.0226057756393	0.0166615029925	0.0227684201919	0.0333007737267	0.0405671254794	0.0315148858676	0.0184486536827	0.0133461165511	0.0426670579253	0.0273957637258	0.03128592485	0.0362608863976	0.0283067627151	0.0314140814753	0.043119092098	0.0241156228747	0.071668538018	0.0308322922856	0.0350404405851	0.0362384620203	0.034269706561	0.0209893012378
a46	0.0159043045374	0.038021702414	0.0429285607104	0.0236277920286	0.0274464857951	0.030760118549	0.0189391779667	0.0146227069448	0.0264194550556	0.0164428554383	0.0177506250722	0.0180364376901	0.0240511908848	0.0218424884598	0.0180086803308	0.0239310179106	0.0300403859756	0.0349912103598	0.0299571984892	0.0188806961609	0.0145860537837	0.0358684884884	0.0253188785953	0.02933798735	0.0331539478459	0.0279535446384	0.0331477281918	0.0479916274993	0.0246752333582	0.0701180256727	0.0276703383219	0.0369777089617	0.0405266950068	0.039922688987	0.0201479644126
a8	0.0175581956725	0.0410219164713	0.0435132368368	0.0236162930762	0.0276815929317	0.0303376774497	0.0202549507222	0.0176961963949	0.0233763660852	0.0185875601328	0.0200934914907	0.0202485452967	0.0228083588949	0.0238594459533	0.0219737915769	0.0266738692369	0.0295029904585	0.0339343107199	0.0287452241631	0.0213713659203	0.0182543905946	0.0330846546961	0.0247564713318	0.03075839105	0.0294062404153	0.0271509401461	0.0343977177306	0.0391845272998	0.0218222655527	0.0562033298242	0.0237070040073	0.0357843547872	0.0448579736023	0.0470251498623	0.0207512068709
a31	0.0179255351842	0.0353365520504	0.0370197484123	0.0269376283054	0.0265822071106	0.0297141620166	0.0224241706541	0.018719106025	0.0242085847484	0.0198018416443	0.0203582747636	0.0208846466322	0.0240929514316	0.0243445749178	0.0219452713923	0.0269071491456	0.0291984482195	0.0336401888133	0.0309178090544	0.0191315214068	0.0168227755982	0.0352524116987	0.0254128153573	0.0334358526167	0.0321464001651	0.0302349354954	0.0371256397102	0.0420375829666	0.0228080508509	0.0566243047414	0.0269576730424	0.0367503136624	0.0376399155341	0.0373179575541	0.0193429862236
a28	0.0199543166214	0.0401524896435	0.0427536843374	0.0276779307818	0.0260347999035	0.0349554596722	0.024257294498	0.0175153599883	0.0270357927028	0.0190187708681	0.0200585455212	0.0213140405441	0.0269820120772	0.0231047503726	0.0203811393308	0.0262138655152	0.0286449754732	0.0310274425778	0.0295115370848	0.0189587764356	0.0161933788661	0.0321114215196	0.0237935457191	0.0297938058056	0.031772401015	0.0288403627451	0.0325419307701	0.0402978050555	0.0236209524836	0.0561086706471	0.0267617058208	0.0379020764875	0.0354356810447	0.039195139918	0.0200781211745
a31	0.0208368422605	0.0423519826412	0.0451434103125	0.0268060431939	0.0242426129678	0.0355359066907	0.023050451766	0.0168528762961	0.0288627253009	0.0185264113427	0.0197341800404	0.0208476623947	0.0285951844391	0.0224126365709	0.0191463729769	0.0253314695051	0.0282959739577	0.0289408435459	0.0276748444949	0.0184154481919	0.015719591222	0.0326062377932	0.0222823525397	0.0288807363019	0.034145823005	0.0284172430484	0.0318244289234	0.0416559294852	0.0227565372612	0.059389461149	0.0265716780736	0.0372026106958	0.0352923864149	0.0410131440393	0.0206379369248
a15	0.0213934994068	0.0402305215071	0.0451811501042	0.026490534398	0.0237821052559	0.0378006203636	0.0225599992553	0.016483697432	0.0286992841003	0.0180705279676	0.0191662704135	0.0199456510116	0.0285441516264	0.022236730637	0.0186537859923	0.0254458485684	0.0280933981859	0.027964573402	0.027224194965	0.0185568017773	0.0157784706073	0.0322891221511	0.0218299232599	0.028601783934	0.0349101936683	0.0282225862828	0.0314987914411	0.0418161816284	0.0225710774537	0.0584229808497	0.0264449886245	0.0379069960319	0.0379341866716	0.0445401030798	0.0207092408083
a20	0.0228907983489	0.0398023741024	0.0458828028347	0.022661823266	0.0234562062186	0.0386735624545	0.0216230033518	0.016515378104	0.0275614851668	0.0178676145225	0.0194019490045	0.0198654306705	0.0274112215421	0.0240034350123	0.0197152859308	0.0279262943228	0.0296115435286	0.0271034446673	0.0262296421883	0.0213593637258	0.0176236370024	0.030283998317	0.0222442152866	0.0280816890447	0.0301037706894	0.0256017395609	0.0296755690137	0.0376679719428	0.0218637585512	0.0503869498166	0.0247964835415	0.0402755704773	0.0466892280905	0.0533174314266	0.0218253072028
</S>	0.0227158324945	0.0353199460512	0.0398198118173	0.019883043033	0.0217285624093	0.0338564071273	0.0192895151759	0.016235186292	0.0277698855834	0.0177715117612	0.0191801992022	0.0192795963352	0.0272109249711	0.0251965178062	0.0194454388654	0.0289002844614	0.0310991186643	0.0274740369336	0.0267918659941	0.0212892293629	0.0170758844012	0.0336344533285	0.0231687123433	0.0308421379224	0.0305348309447	0.0261284281804	0.0322904664069	0.0411238699714	0.0215289375756	0.0521658217083	0.0263693579707	0.0411943826387	0.0494012028453	0.0523470380133	0.0219375386014
