 	ieri	abbiamo	deciso	di	andare	al	mare	tutti	ma	mio	fratello	non	voleva	venire	</S>
a31	0.995739475	0.00223741958107	0.0006041174407	0.00118424178	0.000217164265	1.27275851e-06	5.8836566e-06	5.2364835395e-06	1.98701827562e-08	2.28046745115e-06	6.036218e-10	1.998845072e-09	2.92795377907e-06	1.40768413e-10	7.2745414e-12
a46	0.691805098333	0.287657010248	0.00150475917403	0.00557734438	0.0133849394683	5.43506758433e-05	5.94645643333e-06	5.2394958545e-06	1.99063550321e-08	2.37224509705e-06	8.11307103333e-09	5.266958424e-09	2.93023117669e-06	1.42096405333e-10	2.06447631333e-11
a31	0.574351656111	0.391905644083	0.00279475782468	0.0102422576267	0.0206230781561	7.53892586144e-05	2.91598404444e-06	2.38187542617e-06	7.5448458907e-09	8.88221842017e-07	1.04012574678e-08	5.06515689467e-09	9.7975790933e-07	5.30806386443e-11	2.25702425111e-11
a46	0.508843565104	0.460998475361	0.00326780387489	0.0132277395422	0.0136046267187	5.39720228715e-05	1.71822373981e-06	1.42077367906e-06	3.38958638357e-09	3.03470187672e-07	3.8265137626e-09	1.81720783489e-09	3.27103889608e-07	1.92229013814e-11	9.9004858037e-12
a8	0.170304068935	0.77895605512	0.00317196159163	0.0176269688474	0.0181795685729	0.0117560145376	6.54757454937e-07	5.3050773002e-07	2.34743328119e-09	3.39361910656e-06	5.59011548738e-07	1.05878457728e-07	1.15856893267e-07	1.7327697976e-10	7.06835287679e-11
a31	0.0572443361783	0.893783328373	0.00186160301388	0.0137398042825	0.0168570376576	0.0165070269792	5.19569634979e-07	3.61091576673e-07	2.09132539271e-08	4.94593086885e-06	8.07662959579e-07	1.65501162576e-07	5.0502028089e-08	5.30187793253e-10	8.9328846156e-11
a28	0.0223337110928	0.947460942791	0.00315006685463	0.0130347914275	0.00756183268587	0.0064551542364	5.13162868326e-07	2.68838246891e-07	2.68298974424e-08	2.19171364495e-06	3.47816901526e-07	1.09709854192e-07	2.98105356963e-08	1.22586625978e-08	3.15082021952e-10
a8	0.0541150770309	0.914553794264	0.00537787475154	0.0180467108092	0.00560131822862	0.00230364300547	3.51698096109e-07	1.13050222297e-07	9.89472517247e-09	8.18817170317e-07	1.68804728842e-07	9.38235347307e-08	2.76604568988e-08	1.69195650993e-08	4.79841200651e-10
a31	0.222587912344	0.629728671421	0.00468463961718	0.0405062522697	0.0953955257429	0.00707967348516	7.32637248703e-07	8.73830027657e-08	8.26758594916e-09	1.45099328234e-05	1.31042246628e-06	4.9252121491e-07	1.996622243e-07	2.09743359331e-08	7.5811139355e-10
a11	0.319398807448	0.33426447714	0.00283418997239	0.127841740757	0.185523185248	0.0298279298284	5.6898389829e-06	1.28946694426e-06	1.4526246465e-07	0.000103596466941	1.68029546221e-05	2.77201947383e-05	6.31277697748e-05	9.09478451986e-05	3.75220055131e-07
a31	0.291035169149	0.214906125713	0.00412557752413	0.185311513586	0.227335548416	0.0767812546095	2.96210504943e-05	2.38708771475e-06	2.97182554883e-07	0.000189400355647	2.94283752074e-05	3.96813349128e-05	8.88880539249e-05	0.0001245399564	5.8536015171e-07
a11	0.23827955305	0.119745798571	0.00438897020138	0.168987914529	0.298102896139	0.16825129487	5.48687118314e-05	3.83606180492e-06	8.96823738294e-07	0.000818394318549	9.04128074025e-05	0.000112372182971	0.000514652941975	0.000644908150133	3.2581783839e-06
a39	0.304629201017	0.12176720619	0.00201475592713	0.140138844843	0.257992158713	0.170196421623	5.29815326105e-05	4.10782983497e-06	1.06125751276e-06	0.00128685810618	0.000128067391134	0.000160819424324	0.000758333867325	0.000864884653378	4.35032052797e-06
a31	0.333464167006	0.15499894873	0.027927122809	0.193375568281	0.202926996238	0.0855606018743	9.94871962035e-05	3.80893667832e-06	6.18384454253e-07	0.000771854995393	7.58537527113e-05	8.38373017747e-05	0.000363149097108	0.000345638262126	2.42881570932e-06
a8	0.277943542335	0.26494361291	0.039079239603	0.20953549776	0.158878988079	0.0477381172914	0.000246369965401	5.94969689277e-06	1.17370173475e-06	0.000611686158464	5.99861212371e-05	8.76383109249e-05	0.000530008653703	0.000333198518375	5.02797803644e-06
a46	0.316882517445	0.32339022097	0.0178190968677	0.153059734253	0.12485180536	0.0589782544305	0.0004305738618	7.50385763092e-06	1.82015767825e-06	0.00122672275282	0.000159723650412	0.000221240023642	0.00159107635123	0.00136963389613	1.00888350121e-05
a35	0.282984632482	0.28878300699	0.0114294179559	0.167340124751	0.16095905512	0.0808301248102	0.0004602760806	6.84276931031e-06	1.85967162608e-06	0.00149144418427	0.000228895300137	0.000304822327881	0.00235743921708	0.00280466603204	1.74523213374e-05
a31	0.169664457494	0.26196629233	0.0533226999853	0.293133661584	0.160119791707	0.0563576539367	0.000295584746867	5.7082688701e-06	1.81545637536e-06	0.000902587252757	0.000143479362712	0.00020004882436	0.00160978734103	0.00225732156735	1.91679847791e-05
a24	0.093192584498	0.356966997443	0.0736877523284	0.333166367195	0.108395905236	0.0282356263122	0.00248925269562	3.35620559567e-05	6.86722922512e-06	0.000378294155586	0.000112477580237	0.000135219159853	0.000899304115677	0.00227874347912	2.1068568593e-05
a31	0.068712219166	0.470133479148	0.0596609997761	0.302902075732	0.069510856412	0.0215879391041	0.00342036128521	4.91340233189e-05	1.01003757417e-05	0.000216122310195	0.000117291743412	0.000124145430618	0.000723284285226	0.00278138229304	5.06074551977e-05
a28	0.0395578773887	0.537956473049	0.0718437299254	0.274506941911	0.0506175624707	0.015747645368	0.00432599771507	0.000131575079106	5.51641342472e-05	0.000134387621732	0.000112649137804	0.000169615170873	0.000695529541742	0.00406421023101	8.06172530659e-05
a18	0.0424669677962	0.678366757683	0.0713145959751	0.163685715304	0.0230254145902	0.00817197528933	0.00622975357169	0.000178766399702	7.54306020824e-05	0.000129903703911	0.000142276722601	0.000240094276958	0.000913288747247	0.004993214077	6.5799601022e-05
a31	0.0332454929321	0.638247679228	0.0708073379917	0.208108276435	0.0307525569634	0.00958801626311	0.0041341153239	9.86742605673e-05	3.61570376941e-05	0.000105513619304	0.0001237667842	0.000168736190653	0.000710388395749	0.00373147079233	0.000141752040341
a3	0.0205056113107	0.617536819743	0.0987042926639	0.211646254812	0.0318140093211	0.00945842355437	0.00414387790797	0.000225388924189	0.000105594162231	8.4521482768e-05	0.000116330618067	0.000218721928551	0.00070000064525	0.00454895003078	0.00019119499478
a31	0.0165358724369	0.710049286581	0.102581107555	0.130001750937	0.0183258517737	0.00701032415146	0.00458210170266	0.00029188520473	0.000135095997744	0.000127415465923	0.000166634072689	0.000286851676184	0.00111034418175	0.00818527934359	0.000610267562927
a17	0.0139012181456	0.736787475527	0.114273612518	0.0954588983123	0.0134914453912	0.00606919723049	0.00518254363422	0.00054549216491	0.000305407619581	0.000151634675308	0.000209226330896	0.000439486325395	0.00146775589392	0.0109393761145	0.000777298034309
a28	0.0164067960485	0.767360491842	0.128094544173	0.0585200927708	0.00561663099707	0.0025736957235	0.00747480954474	0.000699501031637	0.00040126064986	0.000119921461769	0.000212503103632	0.000550408095132	0.00150157193131	0.0101132243715	0.000354573700103
a21	0.0166788015162	0.810058697281	0.101143454724	0.0493164172569	0.00314299096569	0.00141266494117	0.00670562804825	0.000381217400546	0.000198446209953	9.86515805897e-05	0.000193679914544	0.000427005891711	0.00143031044377	0.00862745045717	0.000184582198701
a28	0.0157504513387	0.834290452427	0.0896088482413	0.0421582510856	0.00215980848856	0.000910013113723	0.00494960768275	0.000203248410182	9.41861133177e-05	7.81659958632e-05	0.000158199306181	0.000331018677237	0.00131932538126	0.00785111131906	0.0001373255729
a31	0.0117439713462	0.781289620809	0.0920202160804	0.0869059946952	0.0114832577629	0.00350028710457	0.00307782199425	0.000114898372394	4.92416571059e-05	8.17383742877e-05	0.000134763676727	0.000226873499079	0.00107571564709	0.00765583027302	0.000639761807633
a17	0.0139851486821	0.718168056936	0.13972199536	0.0917402812317	0.0141893621776	0.00424707588486	0.00462997763142	0.000601726929798	0.000318946011702	0.000123426321429	0.000227400092242	0.000657428599693	0.00156059700236	0.00900019609101	0.000828344825878
a20	0.0217133105607	0.729712318979	0.178510698453	0.0369618530772	0.0050913409492	0.00161582587829	0.00721389721047	0.000931659896599	0.000489803657234	0.00018828534381	0.000417770320747	0.00141726153323	0.00295038256745	0.0123251813637	0.000460348921959
a10	0.0197391518536	0.777199826326	0.152184642818	0.0221053710257	0.00216537918307	0.00076368246943	0.00609516473682	0.000568839155533	0.000287740042411	0.000177645126603	0.000400729260249	0.00127377851108	0.00303002325582	0.0135835401212	0.000424404630653
a37	0.0148956216179	0.819787648775	0.121864084273	0.0192344396752	0.00123468185102	0.000487096713143	0.00483786007894	0.000335541791844	0.000164052884137	0.000119929030868	0.000271151623416	0.000775170737027	0.00234085715194	0.0132419507071	0.000409838176884
a43	0.0150428735393	0.822720736258	0.123344704758	0.0151563138917	0.000858238207007	0.000367122864381	0.00433200019298	0.000264463923948	0.000121808731379	0.000117090730289	0.000268551037805	0.000755221989009	0.00247575201731	0.0137758979024	0.000399221115628
a37	0.0182656191798	0.801391412086	0.142842448253	0.0114200106306	0.000678670435669	0.00030417054146	0.00437706939766	0.000282643044649	0.000127481967126	0.000145020076763	0.000338051905935	0.00102720383967	0.0030505223391	0.0152699333008	0.000479788028543
a8	0.0325857973933	0.691302070695	0.154744222751	0.0107997745435	0.00157183617856	0.000839231020487	0.00572163246589	0.000584076094883	0.000306690815709	0.00107002411559	0.00229364008198	0.00952846801322	0.0210063049797	0.0659073827669	0.00173887940951
a31	0.0329468377978	0.607818056898	0.150613747584	0.0514946381812	0.0163986187595	0.0040772287735	0.00491001689863	0.000614329441628	0.000332404612903	0.0014726220052	0.00294527878733	0.0120064334211	0.0265814237266	0.0817478299223	0.00604053596984
a10	0.0336854599326	0.619394985633	0.174653325861	0.0631437460604	0.0203980155532	0.00464120861117	0.00717236204288	0.00112096042388	0.000687825391968	0.000851181355067	0.00164370985578	0.00635004689037	0.0132252173089	0.0463151896408	0.00671671745661
a31	0.0350069409775	0.644055671878	0.17844758862	0.0432212386868	0.0129865844844	0.00391216189039	0.00826194634763	0.00131569655129	0.000815353867323	0.000729456705022	0.00134150538526	0.00468280819679	0.00976338986963	0.0427297588803	0.0127298459522
a46	0.0594597169925	0.602926133959	0.16981648954	0.0370664102289	0.0106763204281	0.00380429033013	0.0155169747825	0.0033194982271	0.00233801292577	0.00118286843501	0.00250712702842	0.00954284463226	0.0152286930565	0.0520560792934	0.0145585036507
a8	0.0846807956642	0.386972049653	0.14037286818	0.0179490190763	0.00536772797603	0.00261511557671	0.0219708335942	0.0052424535757	0.00402293687526	0.00419378581167	0.00973796814281	0.0478645948774	0.0697619820188	0.189058824431	0.0101890492169
a31	0.0536889348881	0.237420254884	0.0755708017267	0.0553407580254	0.0319798222253	0.0166533152922	0.0140820866314	0.00344094032523	0.00271858834175	0.00653745393722	0.0123670217143	0.0548449983925	0.0883720006729	0.26143539481	0.085547642739
a8	0.0532405126294	0.179209934961	0.0506501412422	0.0670489208418	0.0403502624751	0.0210730406641	0.0147872893105	0.00390925974174	0.00342038736392	0.00694024597907	0.0126578062381	0.0567727915642	0.0867134002243	0.28872066827	0.114505330246
a31	0.0518824538765	0.11939484832	0.0347597337474	0.0542958451139	0.0362485908917	0.022420496788	0.0154122119035	0.00418580201391	0.00372637060797	0.00793158299302	0.0136895150794	0.0585241818547	0.0904803560748	0.318487389423	0.168560612749
a8	0.0572183729588	0.0994788427733	0.0288524145825	0.0499715605046	0.0347362696306	0.0227773242627	0.0182433877678	0.00487992410464	0.00431611392266	0.00793632433101	0.0133702696931	0.0552816066182	0.0868960780249	0.326808243141	0.189233253583
a31	0.0581895138196	0.0746835875911	0.0238259781942	0.0366200039682	0.0270578108769	0.0201866917542	0.0192526264893	0.00517149743488	0.00455516240755	0.00826853544367	0.013721585231	0.0550340692061	0.0873999443416	0.338355401047	0.227677580528
a18	0.0754095441065	0.123121819197	0.0438803043981	0.0335054129894	0.0242082518256	0.0190346212514	0.0335018633964	0.00893787921163	0.00791038556918	0.00701951614789	0.010662809077	0.0349986400687	0.0628613804472	0.276800010349	0.238147552176
a17	0.117316888035	0.161879039732	0.0633424751327	0.0169428903298	0.0093207023752	0.00744454541713	0.0481814117988	0.0126404964039	0.0121186965231	0.00616170771596	0.0133103336923	0.0550824246896	0.0813579808157	0.299631240116	0.095269165392
a31	0.079921247545	0.115718429911	0.0398471430442	0.0268852537766	0.0192463026917	0.015814459139	0.0310642221329	0.0077405572013	0.0076935334577	0.00793881090532	0.0147322782308	0.0524148352299	0.0866740959386	0.306339496705	0.187969341131
a13	0.0728056973817	0.158989316637	0.0589013736814	0.0327933769255	0.0223178561972	0.018371789613	0.0408739782443	0.0131700348004	0.0145632247692	0.00635412213511	0.00973491397693	0.0281119540766	0.0546418103129	0.249156792235	0.21921378171
a3	0.123590919127	0.234417878879	0.0943229745605	0.0188582146418	0.00855224216573	0.00706019723767	0.0613975507481	0.0194740969335	0.0219827062564	0.00469639454504	0.00980204955898	0.0360184680255	0.0536650294376	0.222737674078	0.08342362657
a31	0.100854226042	0.18684243296	0.0681093305202	0.0271253592139	0.0168685471886	0.0137737028792	0.0437179105827	0.0122068979778	0.0130668654188	0.00682527884835	0.0118145531863	0.0358445266752	0.0611149381459	0.234946401359	0.16688903019
a46	0.100897735014	0.161684600987	0.0633252425067	0.0310888200713	0.0195543714295	0.0159479291597	0.0503102658609	0.0162940413259	0.0167378148063	0.00648649281612	0.00994134039543	0.0278953285584	0.051542714382	0.232746673786	0.19554661373
a18	0.144590735005	0.164920466996	0.0744462341689	0.0168760274571	0.00773447690983	0.00637228135323	0.063706753287	0.0208819167753	0.0223032239354	0.00584406213871	0.0127955771318	0.0520607118528	0.0714935894607	0.260287807929	0.0756861405767
a31	0.099050058335	0.113100212332	0.045602632723	0.024363564919	0.0166562747033	0.0137043342177	0.038855472429	0.0115389562584	0.0124490010451	0.0081207497129	0.0149555070439	0.0526859182843	0.0806314961536	0.277941882643	0.190343945859
a20	0.091863399445	0.129462340777	0.053659302241	0.028964458973	0.0194490403678	0.0159826535392	0.0475368774763	0.0160296377528	0.0174536827484	0.00690769583763	0.0106886808813	0.0316004280948	0.0555886137179	0.244440674214	0.230372485286
a31	0.0936064611483	0.130576651259	0.0580309230803	0.023334692991	0.0145627852559	0.0126083663131	0.0527634714921	0.0185707053843	0.0197323799161	0.00776104687921	0.0112507434938	0.0301054923649	0.0513379262393	0.244859168071	0.230899158429
a17	0.100364215049	0.121125148086	0.0557833200268	0.021399282997	0.012963110952	0.011515748871	0.0576343128307	0.0210682215948	0.023047993972	0.00824489315974	0.0119436471646	0.0314698061216	0.0517900837464	0.24355757269	0.228092620143
a20	0.154255831683	0.168484072695	0.0755334833423	0.014842504999	0.00545713051733	0.00483222409033	0.0802878109436	0.0274614235316	0.0315345079907	0.00549515791991	0.0109755923882	0.0392877740405	0.0542566612488	0.238608330897	0.088687482381
a8	0.142957680561	0.142904320898	0.0585232924474	0.0105596341997	0.00320620507244	0.00286995026344	0.0645176003145	0.0188661926439	0.0209417515969	0.00580616763997	0.0135390701294	0.0567559566802	0.0832287770829	0.324642100299	0.0506812944603
a20	0.11683075352	0.154807796966	0.0518358271491	0.0107212509332	0.00243870542415	0.00218960818781	0.0580882467715	0.0149145510146	0.0153733811323	0.00489570604666	0.0118521430431	0.0526755078934	0.0823330590276	0.3570640801	0.0639793601534
a31	0.07757762584	0.147361017989	0.043596274883	0.0189695973111	0.010465368308	0.0094474839626	0.0470381364238	0.0117320352715	0.0117304571974	0.00548256884889	0.00933966568103	0.0296232659645	0.0580472053425	0.304738040033	0.214851223384
a8	0.0762157899467	0.079703929663	0.027060616461	0.0187757117704	0.0132052260027	0.0119732875542	0.0335919863079	0.00914143735717	0.00937077455247	0.00735489878296	0.0128890005603	0.0480844409882	0.0772930507808	0.332658630011	0.242681215128
a31	0.0755278033156	0.0555541355543	0.0216865311537	0.0169646465901	0.0127446689009	0.0113484287514	0.0288564006026	0.00830215428572	0.00861294151749	0.00789117409432	0.0139688908534	0.0541439009961	0.0807678702603	0.31924627667	0.284384205709
a35	0.0814967877719	0.0544315495181	0.0231532487179	0.01659386933	0.0125471461336	0.0110913912838	0.0302653837009	0.00871983492857	0.00877264483916	0.00763095503144	0.0132068671178	0.050009526332	0.0750970900868	0.305853975557	0.301129755236
a31	0.084098273424	0.053432830506	0.0237626740726	0.0146169702433	0.0107274852112	0.00971165212793	0.031102093567	0.00899232207619	0.00890167861305	0.00749983301048	0.0130270142059	0.0493024467773	0.0727665913623	0.299506185186	0.312551971745
</S>	0.045950497962	0.039119161253	0.0149796737863	0.0176174101216	0.0142879011056	0.013051165064	0.0195029427835	0.00560693818809	0.00507921780653	0.00820705150524	0.0117349971029	0.0328327403887	0.0586899576811	0.259307882593	0.454032485873
