 	non	mangiare	la	sera	</S>
a31	0.3901760828	0.51561585	0.0775873455	0.0039045142677	0.0127162331696
a41	0.409589416133	0.515928386667	0.0369280588333	0.0017943277677	0.0357598731696
a21	0.662175138711	0.190763530556	0.0234622961111	0.0021685200559	0.121430541057
a28	0.796260012904	0.0671964890853	0.011721735437	0.00214556085197	0.122676231352
a31	0.900397904301	0.0253417662618	0.011956268379	0.00482075661732	0.0574832934507
a17	0.635391303434	0.0116250395206	0.0140008401263	0.302483500872	0.0364992661502
a31	0.250903574478	0.00683570840687	0.00844270610877	0.703481120291	0.0303368600501
a20	0.0951487483927	0.00487275657229	0.0104417974363	0.866096826764	0.02343982666
</S>	0.0490574525464	0.00254815824114	0.0143576592181	0.922146063382	0.011890605795
