 	vado	cercando	un	forno	che	fa	rustici	</S>
a29	0.0022519535	0.64385283	0.084543867	0.2504178275	0.018932772	3.97574565e-10	2.2044036935e-07	5.191863905e-07
a31	0.0097948521	0.71593359	0.140841647	0.111540744167	0.021886987	4.62038723167e-09	1.99032115268e-06	1.83419756833e-07
a8	0.0123055002	0.768251763333	0.144070423433	0.055880768389	0.0194889051433	6.02291063662e-09	2.57910033673e-06	6.96728283843e-08
a31	0.00634945023333	0.908075287778	0.0516972202443	0.026378210463	0.0074988750911	2.32571920494e-09	9.1295071141e-07	2.32883096361e-08
a23	0.173015454078	0.785808062593	0.0209313255814	0.016747853321	0.0034969003637	1.59385433498e-09	3.66185179803e-07	8.32739978003e-09
a31	0.403241404693	0.568902854198	0.0113300750271	0.014570432607	0.0019539567879	1.94512067833e-09	1.26471528927e-06	3.34198642068e-09
a10	0.602475084898	0.372818522733	0.00847424550903	0.014727772369	0.00150228186263	2.09504429594e-08	2.07406462976e-06	8.26805380089e-09
a31	0.816953944966	0.168629550244	0.00429366353634	0.00923322378967	0.00088685595421	2.93672256531e-08	2.73274774325e-06	9.93372127696e-09
a24	0.925833981655	0.0653742784147	0.00241123147878	0.00581569262989	0.000561128144737	1.38273402177e-08	3.66300338108e-06	3.97464693565e-09
a31	0.957262480552	0.0302219546382	0.00288477992626	0.0084234877433	0.00117759810825	5.50916461406e-07	2.90820790937e-05	1.78716758119e-08
a18	0.944598523517	0.0172945188461	0.0126300956421	0.0131805662478	0.00190250333608	1.30176288714e-06	0.0103399073464	5.25177465376e-05
a31	0.672439137839	0.100411908749	0.0446748515474	0.151750989749	0.0133418528787	2.40075355957e-05	0.0172646487821	9.25889821792e-05
a8	0.572965365946	0.135865391916	0.0538507758491	0.200489714916	0.0172028020929	3.35710268652e-05	0.019367168594	0.000225219660726
a31	0.491201688315	0.234333699639	0.0491041656164	0.186261819972	0.012980575831	7.08701472884e-05	0.0254854915313	0.000561667320242
a29	0.414354195772	0.26970117488	0.0509668468721	0.186684503324	0.0123675058103	0.000133621732429	0.0649042581771	0.000887886206747
a31	0.387231651924	0.336907646627	0.0423150422907	0.141939151108	0.00850831213677	0.000177449784143	0.0805653637257	0.00235541586892
a21	0.348515720641	0.367006792209	0.0404952374302	0.132326626036	0.00814366237892	0.000470320428048	0.100026508909	0.00301516365631
a31	0.334998906547	0.417765117403	0.0337779508101	0.0949833023453	0.00664287579297	0.000558398776016	0.105844999636	0.00542845858544
a38	0.341970351849	0.442542722468	0.0266231686034	0.0786147421151	0.00602499576432	0.00111859095867	0.0967914898787	0.00631394489515
a10	0.41820186395	0.185215292823	0.0422285062011	0.0631756093717	0.00718962708811	0.00181081145289	0.27786617996	0.00431213476505
a39	0.25524246465	0.0878608972743	0.0690914204004	0.0803295551239	0.00884399769604	0.0022222344843	0.49141769332	0.00499175435502
a8	0.263684334883	0.112171976758	0.0620316471335	0.084141041708	0.00901890176535	0.00332122619477	0.459194931107	0.00643593845167
a31	0.225930279571	0.365671515586	0.0360103763778	0.102844783903	0.00894710612178	0.00275184655159	0.248349078036	0.00949500498389
a20	0.2918184778	0.419812261862	0.0243129641259	0.0998908799677	0.00904584470726	0.00535839250386	0.140193180345	0.00956797549463
a31	0.314000923733	0.480831423954	0.017764647042	0.0571061496559	0.00750508956909	0.00616394638129	0.105343310282	0.0112845124982
a20	0.345328252378	0.490814053318	0.0127323753473	0.034798146052	0.00589487752303	0.0138617120071	0.085163233594	0.0114073729327
a3	0.580961877459	0.228071724773	0.0119082019491	0.0236462478507	0.00620630817434	0.0206945433357	0.121971257865	0.00653984457757
a41	0.562391339153	0.195466369924	0.0135357041497	0.0275428716169	0.00833520505811	0.0147728087786	0.168263912622	0.00969178302586
a37	0.489642329718	0.191943516641	0.0169490087166	0.0359771722056	0.0093730603527	0.0135412732595	0.222257894207	0.020315746342
a31	0.322577713706	0.407806632214	0.0160566192389	0.0404113074019	0.00855333378423	0.00962745211983	0.165534583736	0.0294323717807
a8	0.321587958369	0.478490334071	0.011094713413	0.029601152134	0.00814508292808	0.0203832057399	0.106911176912	0.0237863976936
a31	0.32149409929	0.47712781469	0.00950425813767	0.0192936627113	0.00766235564269	0.0239651452033	0.0912180289707	0.0497346119979
a23	0.35957812293	0.448042668897	0.00788220671256	0.0141971764371	0.0058680674809	0.0352552986911	0.0709321663236	0.058244233666
a31	0.37337369281	0.400656473632	0.00801470057085	0.0117917580124	0.00579306042697	0.0390633624204	0.0698425831079	0.0914643575553
a8	0.36724257277	0.381307695877	0.00837322199028	0.0113326063375	0.00635569380899	0.0430547389968	0.0797747353693	0.102558725085
a31	0.365064719257	0.333439093292	0.00880554046343	0.0111886997792	0.00658221626966	0.0443862334489	0.0849659767898	0.145567477595
a24	0.377882568086	0.316443329097	0.00893567515448	0.0108380645931	0.00588011382322	0.0471420215996	0.0729594205966	0.159918787198
a31	0.390060550695	0.319778854366	0.00853022905149	0.0097025171977	0.00545168000774	0.0482196401999	0.0725443558655	0.145712183733
a24	0.347258478232	0.317995526122	0.00867351201716	0.0091149630659	0.00537308250258	0.0935700164	0.0776144196218	0.140400012744
a46	0.592775926077	0.124402831707	0.00618870620572	0.00514028872197	0.00390189843419	0.128889447467	0.0890503418739	0.0496505748813
a24	0.712879142026	0.0712722729023	0.00582432626857	0.00521279280732	0.00377074077806	0.075096676489	0.101883723958	0.0240603367604
a18	0.688252880675	0.0686487383008	0.00723828375619	0.00628923430244	0.00408142839269	0.0499731954963	0.151314024653	0.0242021932535
a21	0.650899426892	0.0648990204336	0.00807141391873	0.00592263646748	0.00411380686423	0.0534277498321	0.184984194884	0.0276817427512
a28	0.657538508964	0.0555660564779	0.00827986430624	0.00550330668916	0.00417452408808	0.0628433166107	0.179409121628	0.0266853469171
a20	0.652702046321	0.054345789826	0.00897719876875	0.00574871532972	0.00441311219603	0.0631826262036	0.183534933876	0.027095628639
a31	0.429396478774	0.244079302275	0.00964239492292	0.00921222454324	0.00509050389868	0.0419026235912	0.145279917959	0.115396566546
a46	0.401461199591	0.293433095758	0.00749002684097	0.00907491718108	0.00468711806623	0.0618581020537	0.086729872653	0.135265696115
</S>	0.585329779795	0.154408190379	0.00520436122048	0.00573336609054	0.00377585468312	0.102550091027	0.0741301813265	0.0688682389575
