 	ieri	abbiamo	deciso	di	andare	al	mare	tutti	ma	mio	fratello	non	voleva	venire	</S>
e	0.626930825	0.116993338	0.029944184525	0.02421092282	0.013986668418	0.042117352659	0.00438738409686	0.072754511362	0.00465225681384	0.0534754205868	0.00011111024028	0.00246206055633	0.00595137943997	0.00074625841696	0.00127636843177
t	0.781345608333	0.0546955086667	0.0186517631917	0.0290894834867	0.0361300317513	0.0156347619923	0.00179330946353	0.031573982362	0.00181579604717	0.0192403360868	0.000522918956947	0.000900845632994	0.00549302010664	0.00113059998363	0.00198209659843
t	0.518052219444	0.0451171258889	0.0773015910639	0.135509584496	0.0700853472504	0.0504932533308	0.00434608918784	0.039582288454	0.00310977824906	0.0315192075289	0.00167044151898	0.00137479448766	0.0157784693689	0.00309445866121	0.00296538333281
è	0.222181913148	0.31549853763	0.100650898688	0.150223060842	0.0500215465268	0.0605759185803	0.00487128079628	0.0351383372347	0.00327819911102	0.0342227299763	0.00156764051113	0.00145475166045	0.0157011231963	0.00286877496174	0.00174529652727
d	0.114705794716	0.661832772543	0.0998864545627	0.051202024824	0.0171267585189	0.0203666171134	0.00203339739909	0.0119627521682	0.00124007499834	0.0115375986988	0.00069857472851	0.000532312661383	0.0052451704471	0.000968323490247	0.000661379798757
e	0.0478513527053	0.651980160848	0.246808898188	0.0270273031413	0.00647300283963	0.0070978135678	0.00108801374236	0.0041198572894	0.000559300322447	0.00397768065293	0.000408828040037	0.000223095365994	0.00175722034497	0.000333671632882	0.000293800956586
c	0.0183534555351	0.510830333616	0.411594126063	0.0348448607138	0.00488413347988	0.00291422443593	0.00108006829012	0.0029911069898	0.000663957863816	0.00285588606431	0.000260362913879	0.00141200235753	0.00130486826926	0.00144608225209	0.00456453033586
i	0.00757911534503	0.384551264539	0.531771875354	0.0520943002379	0.00477829992663	0.00138095245864	0.00108872331104	0.0025869629766	0.000700573348605	0.00246608729077	0.000213579957293	0.00180863382494	0.00115366483589	0.00181679317257	0.00600917755062
d	0.00382852794834	0.304269364846	0.609607125118	0.066620006746	0.00577854697554	0.000750573189547	0.00102849198468	0.00116325793887	0.000445343623535	0.00149094936626	0.000103018298431	0.000963910047413	0.000467951708097	0.000740694836067	0.00274223695554
è	0.00335459074945	0.224832301615	0.583173275039	0.163047642249	0.0156945583252	0.00172622301985	0.00131904249489	0.00159366234629	0.000506971321178	0.00149596718875	7.94373668103e-05	0.000728077815804	0.000333476496032	0.000402330972022	0.00171242061851
t	0.00697583718315	0.146926650538	0.59651859168	0.20524470075	0.0211985937751	0.00295293823995	0.0023634196983	0.00268671814876	0.00150602950706	0.00432158146292	0.000103673682937	0.00279003597193	0.00200830580868	0.00126540416067	0.00313749460617
s	0.011717140061	0.0995340821793	0.487682313893	0.139428716917	0.020809828925	0.0176378709133	0.00935917743277	0.0201924243496	0.0166804249357	0.0386214131543	0.00870121740431	0.0244697831906	0.0159329502696	0.0220379915536	0.0671946689687
a	0.00859275415367	0.0436373178598	0.244374364631	0.360210878972	0.0422449126417	0.0243416953044	0.0101248572643	0.0254367948165	0.0205562419622	0.0468840432614	0.0115095612878	0.0292337639215	0.0188391586065	0.0279248677479	0.0860888044029
m	0.00385152385122	0.0315890244199	0.201107604877	0.513474272991	0.134910867547	0.0139653977681	0.00425282064143	0.0102321553055	0.00703128117107	0.0163963744305	0.0038497387576	0.0100365742452	0.00756014731883	0.0105742038793	0.0311680082143
o	0.00226165489707	0.0271525506733	0.168886721626	0.470658237664	0.272663045849	0.0155305569227	0.00250585334714	0.00519204250183	0.00255494020369	0.00611638741017	0.00130101289187	0.0036092610774	0.00374121913661	0.00472194782477	0.0131045668714
n	0.00193971577902	0.0187112057578	0.116376687209	0.426622879221	0.378009705283	0.0281516829742	0.00549944014905	0.00442404980061	0.00123280101456	0.00311994550339	0.00045516835729	0.0016489408748	0.00182813687587	0.00254605633992	0.00943359775713
a	0.00179365305634	0.0155757781526	0.0951877960697	0.29804851974	0.484254935094	0.0751991009914	0.00823760671635	0.0053220493002	0.00088366037152	0.0021097569678	0.000180465275097	0.000999609060267	0.00119307395862	0.00182773141331	0.00918629841904
p	0.00576954578211	0.0119448942842	0.0521775533566	0.19787034658	0.459373578365	0.18498046033	0.0441384179054	0.00581370866673	0.0108132001572	0.00715039188927	0.000494411918366	0.00605878885542	0.00233249958621	0.00209219303777	0.00899005230635
à	0.00729069479404	0.0110776580281	0.0390462601189	0.12960036886	0.486263372788	0.203353284777	0.0684475759685	0.00708604298891	0.0169305683857	0.00915415886309	0.000767971239455	0.00787785128514	0.00293933422874	0.00226507734926	0.00789978123545
m	0.00657356463135	0.0117573576094	0.041244491373	0.116706082953	0.581768270929	0.141051236259	0.0598490953228	0.0086150229963	0.0118613491286	0.00413997865436	0.000527804173152	0.00299981562838	0.00253183544291	0.00372085258642	0.00665322054515
e	0.00612107332212	0.0115605786881	0.0395247068443	0.0820721743177	0.397161636976	0.356771282086	0.0529085797743	0.0266987019988	0.00843979514287	0.00276686395145	0.000333799541051	0.00128813982279	0.00229908884764	0.00429319392881	0.00776036884838
s	0.00651815655237	0.0089682710477	0.0223674933348	0.0455659094392	0.206806978992	0.537868270695	0.0693355345914	0.0360948709996	0.022213839481	0.00720716225048	0.000705969403684	0.00798332302093	0.00367702931588	0.00864264937627	0.0160445382828
i	0.00664094185112	0.00808495299823	0.0165630868896	0.0294187716464	0.122547016664	0.625196880232	0.0659328865305	0.0431261806665	0.0268226088937	0.0110797347502	0.000816559564561	0.0103222700903	0.00417234943863	0.0105613221254	0.0187144335276
t	0.00425867985071	0.00500490364841	0.00984125707453	0.0177220620488	0.0745899125547	0.651167493411	0.0617340705102	0.0552275078888	0.0563407336979	0.0163841712501	0.00140437578485	0.0108821507801	0.00418453347954	0.0104777720418	0.0207803919425
à	0.00351479270024	0.0040328952728	0.00775348560484	0.0137277817829	0.0651098795182	0.391334807804	0.292872536837	0.0677181602963	0.0856359512326	0.0174219160834	0.00479194659495	0.0113005620267	0.00421386415985	0.0100481144473	0.0205233512475
l	0.00385577675008	0.00425290648093	0.00699883144828	0.011135861361	0.0487256168394	0.209869635935	0.432937012279	0.0807437100988	0.100076853744	0.0133614000278	0.010178404865	0.0067774391089	0.00723816405328	0.0436242262491	0.0202242076825
a	0.00392190683503	0.00426958229531	0.00658430431976	0.009147424327	0.0340999025465	0.173972761978	0.24771736776	0.274468223366	0.0953422889147	0.0294899246759	0.009773609755	0.00547845500297	0.00925035245109	0.0606645294164	0.0358194102275
s	0.00334572486334	0.0032633331001	0.00472802774359	0.00649474131567	0.0231626594488	0.162778793993	0.134220846253	0.334283726789	0.167545327305	0.0438856102253	0.019504272385	0.00738034230099	0.0058324965837	0.0368614611388	0.0467126700758
s	0.00366908402111	0.00356095453337	0.00484894461453	0.00913470677189	0.0218224751496	0.187297261331	0.103069444751	0.183550741263	0.213023625768	0.0413778870751	0.028882684795	0.014560090767	0.00537138129457	0.0314335293796	0.148397192359
a	0.00175167624104	0.00182723989846	0.00236443891551	0.00678165333063	0.0101059699965	0.16769502911	0.044387605817	0.248624317088	0.119207074256	0.136902560692	0.0196522705983	0.0155426319223	0.00502349646486	0.0260642034599	0.194069827453
ò	0.00306444074768	0.00116203942015	0.0010696098825	0.00294985878354	0.00599561241217	0.0861892870367	0.0229229101723	0.395269599029	0.0654802150853	0.222020350231	0.0219843211994	0.0218062483074	0.0112715724216	0.0305460614866	0.108267875818
l	0.00426679958256	0.00143310140672	0.00122806079417	0.00232622796118	0.00625916393739	0.0420292190122	0.0354738067241	0.34041452101	0.0910956430284	0.15769183241	0.0337386330665	0.0296535767691	0.0229204218072	0.116442587162	0.115026398606
i	0.00220532811919	0.000977278750073	0.00100629803706	0.00154061715973	0.00388746032246	0.0240046136707	0.0337165861747	0.257946318337	0.103545837676	0.176176663137	0.0341000016888	0.0304613672564	0.0213275559357	0.141001194054	0.168102896202
m	0.00130400496473	0.000884274297858	0.00116111128469	0.00157127095924	0.00490683845082	0.0227946925569	0.0756593559916	0.242426659446	0.144719439225	0.195612777712	0.0594986578963	0.0340789824188	0.0166308109786	0.0697164546847	0.129034704734
a	0.00100952659058	0.000856109758619	0.0012172365509	0.00159051906641	0.00523796504694	0.0211765042523	0.0912880488305	0.196176943149	0.170991904742	0.242609569237	0.0808370992988	0.0661854074729	0.0150008626595	0.0418947008949	0.063927627578
t	0.00139845883253	0.00106689321221	0.00124658283963	0.0014731233688	0.00315222631231	0.0113645171508	0.0402755924435	0.142116326716	0.142886436581	0.269166229746	0.1742407231	0.114493902491	0.0112879290532	0.0341162226316	0.051714832526
o	0.00152010540251	0.00113411931274	0.00125243526321	0.00142673302627	0.00243816521844	0.00799571411693	0.0211373559145	0.111957324572	0.112078882194	0.293293579915	0.191382304367	0.15314626083	0.0111898788511	0.0390810055439	0.0509661285087
n	0.00105228695917	0.00079240217958	0.000920088337737	0.00103708581209	0.00188953218715	0.00685993960564	0.0195541944048	0.101290961524	0.113521024065	0.318895546638	0.154369588122	0.18081577361	0.013417307617	0.0457170075146	0.0398672818362
a	0.00091449000639	0.000680727403193	0.000812765429246	0.000904048963363	0.00170659327072	0.00590494216855	0.0194928489016	0.061411752508	0.120645804688	0.263258418879	0.154272816041	0.274002001203	0.0162974442057	0.0494429998382	0.0302523679454
d	0.00119954965546	0.000891543444398	0.00101421355975	0.00107812044712	0.00171910349857	0.00467794118952	0.0147462994005	0.045590858336	0.101337868229	0.22606333296	0.204974755347	0.320072553734	0.0137398040686	0.0397852512794	0.0231088289818
e	0.00129043374182	0.000961269337133	0.00108032977758	0.00113521352371	0.00171901323519	0.00423358215317	0.0126698082202	0.0403160682787	0.087913564743	0.198789897653	0.214524947449	0.349232677911	0.0137827046895	0.0436825734265	0.0286679459939
r	0.00230700357061	0.00144259333471	0.00152460455019	0.00155408228257	0.00199641638073	0.00384108980772	0.00862227082673	0.0374859356929	0.0596867402477	0.170102872551	0.262305111483	0.34908051597	0.0122106963632	0.0479026521422	0.0399374553313
f	0.00305335932354	0.00214259751157	0.00223702005006	0.00368258592752	0.00258763672691	0.0140486329359	0.00926280727558	0.116665301498	0.0486986480826	0.12568212085	0.268987731494	0.208382028657	0.00686011858773	0.0380247510474	0.149684702444
ò	0.00176049437451	0.00139972232386	0.00146578914002	0.00343727017584	0.00164890495564	0.0153966913553	0.00931245142519	0.148303569499	0.0279938773609	0.107933190283	0.225624791498	0.182035956219	0.0428078085292	0.0277785430158	0.203100980815
m	0.00282779125817	0.00226705479462	0.00237221693667	0.00310028925861	0.00288881559855	0.0081543454951	0.0131459054751	0.059233726833	0.044608855787	0.0755471134277	0.374252863833	0.22654115874	0.0673190515097	0.0172105116719	0.100530348272
u	0.00291672696939	0.00242729439287	0.00253846530622	0.00280788994954	0.00304441198885	0.00568871954503	0.0107053001384	0.0373939542777	0.0435288606957	0.0716090978092	0.308186082944	0.296455236247	0.0687958525032	0.0294209668906	0.114481140757
è	0.00129454125646	0.000888291755623	0.00090802099274	0.00101568659985	0.00109310415895	0.00205930389001	0.00383976865947	0.0271220073259	0.0171811472652	0.0516991072697	0.144750410648	0.270441815416	0.184135444168	0.0652574179635	0.228313920252
t	0.00190287903549	0.000709402215208	0.00071020002758	0.00071854791995	0.000770762426317	0.00124519215834	0.00225232085316	0.010457069942	0.0120990783551	0.0279136557566	0.124766984883	0.166910208472	0.231166331389	0.171462365988	0.246915026751
e	0.0018445426135	0.000586345663736	0.00059932290606	0.000571659601317	0.000608679095106	0.000962213768113	0.00165683518372	0.007424551914	0.0098654840017	0.0232623739189	0.0945624630943	0.159428989491	0.139224508796	0.193212631996	0.366189418917
s	0.00155224207283	0.000455071846579	0.000410142965553	0.000418514911772	0.000478334494702	0.000830456538038	0.00082318472724	0.00597764210467	0.0060911938839	0.0227393296396	0.0602340924981	0.159354653164	0.078359218932	0.154402653999	0.507873306306
e	0.00145765918494	0.00041063272536	0.000346014450851	0.000367325148257	0.000432811585067	0.000803358129346	0.00053680692208	0.00671376550156	0.00469399949463	0.0266973798799	0.0473210470327	0.141314902721	0.0482589333107	0.187649634666	0.532995778769
n	0.000661522062313	0.000177839808287	0.00015922669595	0.000168469250419	0.000212378045189	0.000500570059782	0.000565966787027	0.00669471616719	0.00488469236488	0.0263096236266	0.0273398732109	0.11552022424	0.0530570437702	0.320267364889	0.443480526256
a	0.000436984364104	0.000110122732762	0.000109966117983	0.00011153184014	0.00014306537973	0.000384344134927	0.000637962102342	0.0038427806224	0.00547001692163	0.0215228792089	0.0244446484036	0.157771406413	0.0822633432567	0.36357729163	0.339173688752
r	0.0018922476247	0.000670391317587	0.000695745441994	0.00064477946338	0.00065542951791	0.000956328326642	0.00140244797411	0.0031872754408	0.00757394444054	0.019021131403	0.0726820321345	0.192258362138	0.0709811824189	0.25620104721	0.371177676251
t	0.00238967885823	0.000935241085862	0.000970715370665	0.00113760995446	0.000882495342637	0.00236554860888	0.00185179904137	0.0194342431469	0.00792622219685	0.0233849554677	0.0849619902682	0.125522238046	0.0285139437063	0.168969952403	0.530753372084
i	0.00090068025941	0.000406838611621	0.000422556893222	0.000716190659487	0.000358783602879	0.00205711939963	0.00088111598379	0.0257597327156	0.00291207336228	0.0215906848226	0.0290460199794	0.070308446682	0.0166806714688	0.0999372874677	0.728021804028
</S>	0.000498854864705	0.00021097086031	0.000218733316111	0.000370797391743	0.000183576229439	0.00106847524482	0.000448229871895	0.0153248488578	0.00155214855114	0.0155637229113	0.0153385004897	0.066677018341	0.0177538857344	0.0907031987338	0.774087052014
