 	se	si	era	vestita	la	mia	figlia	l	avessi	portata	alla	chiesa	</S>
a31	0.0890082494	0.069755674	0.0774163296	0.0559810312	0.0566057086	0.057157104	0.061145498	0.0664668544	0.0745543518	0.0715674768	0.0786048866	0.119292012	0.1224448268
a24	0.0481188894	0.03715474334	0.04141768704	0.0520433732	0.039744537	0.0526203048	0.0926628054	0.1092155568	0.082366119	0.145359462	0.097170444	0.1320446352	0.0700814452
a28	0.0654271194	0.03653860748	0.0445072596	0.0355084982	0.0533162624	0.0653226092	0.0789204126	0.0904079426	0.0827518086	0.1211040246	0.0963676308	0.1112881552	0.1185396842
a39	0.0705117956	0.0451622518	0.0498838888	0.0382603522	0.068002948	0.0683926086	0.0787460984	0.085535137	0.0772954076	0.1016443152	0.0813101664	0.1123254666	0.1229295888
a17	0.0636594182	0.0440411537	0.0496142798	0.0433068466	0.0601439098	0.0888414972	0.0832862882	0.0929608758	0.0818655736	0.1072901608	0.0734994932	0.134660716	0.0768297942
a31	0.067246246	0.040541897	0.0522416204	0.045986028	0.0664350866	0.0874304528	0.092769363	0.0880247792	0.0731934884	0.0901510092	0.0829925842	0.1192698248	0.093717611
a20	0.0698123948	0.0390536254	0.0464676716	0.0263005616	0.0518838098	0.049387552	0.0624059026	0.0827093426	0.0677036206	0.1118710184	0.11983081	0.139504844	0.1330688162
a31	0.0536148952	0.0337949836	0.042292893	0.0296667044	0.0532696442	0.0548096218	0.0652112538	0.083663218	0.0749853658	0.1133553204	0.127944702	0.1322185552	0.135172872
a17	0.0492672588	0.03312488106	0.0328539048	0.01926709634	0.0352231522	0.0476726406	0.0674507206	0.093990368	0.0844289922	0.1545278248	0.133383512	0.138395546	0.110414075
a8	0.03854004	0.02604502942	0.0307022489	0.0211754613	0.0357540318	0.041978694	0.0733224182	0.105415801	0.083797112	0.1205891062	0.141344406	0.1531289772	0.1282066614
a31	0.0330002326	0.02583895852	0.03041067628	0.0201764042	0.0228693403	0.0311055908	0.0694461754	0.108258431	0.087087559	0.1298210764	0.15661831	0.1544195086	0.1309477502
a8	0.034967988	0.0231762518	0.02677075462	0.02094022386	0.0224387458	0.02968233914	0.059353958	0.1035704494	0.0682437644	0.1336751526	0.155027836	0.144149506	0.178003032
a24	0.03460974652	0.02363525384	0.02326478508	0.019459652	0.02396138686	0.0329267192	0.0671189518	0.117404048	0.0748093544	0.1298401628	0.1429213964	0.191526818	0.1185217746
a31	0.04116001708	0.0279874527	0.0355185498	0.02591916	0.0300373308	0.0392340788	0.0735129104	0.1156156464	0.0750942396	0.1316779662	0.128446417	0.15325275	0.1225434902
a20	0.0454529319	0.02843882356	0.02819485366	0.0199746656	0.02225681292	0.0411257086	0.05775710208	0.1091038548	0.0702143982	0.1484378852	0.1326832036	0.1409488002	0.1554109472
a31	0.04230921008	0.028381186	0.0226756141	0.0171093342	0.02673239908	0.033555476	0.0715281678	0.1183146918	0.0653039072	0.1446993712	0.1274976312	0.1737934734	0.1280995084
a41	0.04009356392	0.02814912208	0.02590817868	0.0190872407	0.0197171924	0.0305406168	0.0621284498	0.160227507	0.0689805972	0.1369556038	0.1262657226	0.153996004	0.1279502174
a31	0.0411097052	0.02738284882	0.02148841214	0.01636804932	0.02369365466	0.0337653216	0.069943776	0.1512407556	0.0759194022	0.1497388392	0.1130773664	0.1517753922	0.1244964582
a13	0.04065561	0.0307944534	0.03037135068	0.02317026952	0.0217786876	0.0319615348	0.064591324	0.1376150216	0.0931543748	0.1443681516	0.1216164366	0.163154599	0.0967681726
a37	0.0417616534	0.02875626388	0.02374825934	0.01736593468	0.022246668	0.0302445514	0.059881224	0.1595249442	0.093512972	0.15732289	0.108627894	0.1384880748	0.1185186934
a8	0.04032535522	0.03010969854	0.0294524708	0.0195638275	0.02178015092	0.0270289148	0.0583161878	0.132361712	0.1389637418	0.197193695	0.106818064	0.1161449906	0.0819411938
a39	0.0226156969	0.01735128416	0.01875819172	0.0153545226	0.01724551518	0.028116351	0.0526037628	0.0864434286	0.1766425592	0.182639016	0.1392564414	0.1656594306	0.0773138236
a20	0.02279396864	0.01596878928	0.02514525642	0.02044678044	0.02575717184	0.0309122728	0.0643958734	0.1101773082	0.162218752	0.184827649	0.1128750592	0.1332868072	0.0911943012
a24	0.02965308084	0.02139451874	0.02564595562	0.01910951842	0.02419765814	0.0272998476	0.0615542034	0.1093883048	0.143172317	0.188242718	0.1270668324	0.143918248	0.0793568148
a18	0.0295348968	0.01900292266	0.02315710416	0.01571656978	0.0236179864	0.0314689746	0.0639725382	0.0968728848	0.1532590068	0.184189784	0.1229452988	0.1468027152	0.0894593288
a23	0.0340257972	0.02344856376	0.02886312472	0.02539052126	0.035285931	0.0404427286	0.0742600802	0.1006480814	0.1300106108	0.1715407852	0.1156852532	0.141589168	0.0788093248
a24	0.0294947882	0.0224751751	0.02446064514	0.02193588896	0.030931747	0.0395230936	0.076917857	0.0948422248	0.1319749904	0.147243478	0.1130968818	0.164638023	0.1024652178
a31	0.03150435338	0.0225462358	0.02777558756	0.0217634598	0.0293129848	0.0365609748	0.0709836762	0.0953743382	0.146233645	0.147800834	0.1189205326	0.15594714	0.0952762344
a20	0.0401772528	0.0361192388	0.0353143523	0.03627378064	0.0421032864	0.0478470644	0.0603945036	0.0825713062	0.084001024	0.139860111	0.1343443666	0.1908251408	0.0701685666
a3	0.02994114836	0.02661839044	0.0281290704	0.02645335502	0.029063927	0.0366895926	0.0542817394	0.0793532538	0.0899418582	0.199978663	0.134192522	0.168032042	0.0973244158
a31	0.03076561726	0.0267319944	0.02695776466	0.02465581252	0.030377785	0.0378427794	0.049742702	0.072167872	0.1035460846	0.212013728	0.136216998	0.157395489	0.0915853492
a13	0.0465609776	0.0469009722	0.046367814	0.0426708718	0.0485923298	0.0514011758	0.0589022464	0.0713124616	0.060126664	0.1444330656	0.1175068266	0.1666645452	0.098560005
a31	0.033221025	0.0327525632	0.0327087382	0.03412079872	0.0378297474	0.0493694194	0.061686641	0.0653423208	0.0753108784	0.1668343872	0.124546873	0.175983168	0.1102934218
a3	0.0504675894	0.0483430218	0.0495630468	0.0468389144	0.0530332452	0.0549669742	0.0546314672	0.06266477	0.0530180872	0.1455477574	0.1119485106	0.158105716	0.1108708906
a20	0.0432512502	0.0413820846	0.0414221392	0.04181919034	0.0417476552	0.050429665	0.0582877196	0.059805312	0.0712525664	0.1402638972	0.117240141	0.1765997772	0.1164985406
a39	0.03413984	0.0331045229	0.03820681026	0.0448463188	0.0474459342	0.0543176914	0.0609173792	0.0659518184	0.0688044116	0.1700531636	0.1076262268	0.15485568	0.119730182
a20	0.0355851054	0.034797249	0.03591737468	0.04196173786	0.045654707	0.0544072712	0.0605604094	0.0624814932	0.0746599144	0.1765208448	0.108299902	0.153890292	0.1152636986
a31	0.0342637365	0.0334141046	0.03524425372	0.04023553788	0.0424307774	0.0514081318	0.0588447064	0.0640188092	0.0810264548	0.183504835	0.1119410722	0.152215794	0.1114517556
a24	0.0551499094	0.0534401714	0.053730084	0.0540960672	0.0547152124	0.0594475522	0.0645876924	0.0645417998	0.0575580306	0.1304820648	0.1046038152	0.1472626636	0.100384951
a46	0.0467663962	0.0479686792	0.0490149868	0.0484320509	0.0443126988	0.0519541282	0.0563343248	0.0593975886	0.0761061534	0.1230765012	0.1163224048	0.15452359	0.125790496
a31	0.0403651528	0.04129952	0.046324512	0.052613736	0.0556285246	0.0597642706	0.0604125706	0.0625729836	0.0664431262	0.123904801	0.120098334	0.146192346	0.12438013
a18	0.0556326728	0.054906506	0.0600086022	0.06236770034	0.0590393706	0.064258938	0.0712097786	0.0633151714	0.0618434276	0.09381891	0.101889261	0.142227673	0.109481974
a31	0.0508333726	0.0518387006	0.0549655554	0.0533266737	0.0499528314	0.0578921188	0.0595728724	0.0593766512	0.077440432	0.0979009036	0.12315209	0.144680128	0.119067645
a20	0.0598525026	0.0573048676	0.0603687212	0.0625927964	0.0583410896	0.0641976788	0.0729765698	0.0624342972	0.0649164056	0.0889274	0.101667874	0.140327348	0.10609243
a24	0.0536709642	0.0535268726	0.0565960482	0.05505635206	0.0509991566	0.0591199066	0.0628011552	0.0645135438	0.0801484892	0.1002764612	0.117296268	0.134803144	0.111191642
a31	0.0509118228	0.0518149996	0.0541024136	0.05392464348	0.0517591596	0.0569421284	0.0594469406	0.062082163	0.0820304396	0.120160638	0.111744794	0.1349357488	0.110144118
a23	0.0587297464	0.0562775808	0.0591521984	0.0620756736	0.0581606024	0.0647705982	0.0773043574	0.06359541	0.0656167114	0.08767528	0.0995888488	0.1479713878	0.0990816086
a20	0.0520731202	0.0528609234	0.0567427394	0.0544251952	0.0533453204	0.0562150872	0.05706464	0.061582799	0.0718843272	0.0885038768	0.120171648	0.142994342	0.1321359422
</S>	0.0486538504	0.0490824012	0.0521639454	0.0532467954	0.0576406378	0.0619045	0.064863642	0.0652740584	0.0730374942	0.096555822	0.110744168	0.141054352	0.125778329
