 	se	vieni	ogni	giorno	a	casa	mia	compra	il	pane	</S>
a	0.9573363	0.014190619	0.0218537395	0.0033816616	0.00066705241	0.000199787015	0.000821535295	0.00036788602	0.0005768500465	0.0001179844635	0.00048659816053
n	0.649981584333	0.010614057	0.3260072915	0.00338039056667	0.000931102736667	0.00613452902833	0.000841558038333	0.000502505706667	0.000610579618833	0.000503331151167	0.00049302996351
è	0.230685095111	0.0606504413333	0.504030193833	0.0705292963556	0.0137536026789	0.0130991816761	0.0170579336194	0.00625041380222	0.0132270647096	0.00497565948372	0.0657410444812
r	0.10675444437	0.0819438837778	0.466361504611	0.151065065452	0.023185759893	0.016683665892	0.0273136865398	0.00836591376741	0.0207411892365	0.00713963349457	0.0904452221604
k	0.0644338901233	0.0354450237926	0.65991414487	0.119120386817	0.0157735556977	0.035290681964	0.0149840731799	0.0042200256558	0.0113782800788	0.00588701666486	0.0335529089868
e	0.0305166988078	0.0723247971309	0.72717779829	0.0929862672723	0.0113791687992	0.0356342143213	0.00614069909997	0.00257826574527	0.00496753543627	0.00444252396829	0.0118520082489
s	0.0155776693693	0.0959124390436	0.685560862763	0.132765042424	0.0218357564331	0.0352074384404	0.00235573327332	0.00168205354176	0.00179239793542	0.00313102040276	0.0041795673233
e	0.0100539807898	0.0844379716812	0.517919774254	0.295268544141	0.0471869954777	0.0372709036468	0.00142660615777	0.00144753254725	0.000793155278473	0.00267716773425	0.0015173797781
k	0.00713184592993	0.0692476356937	0.383524248085	0.32204435138	0.0521763138259	0.151766585382	0.00111729974592	0.00179459171575	0.000516423212824	0.0100194283447	0.0006612793427
a	0.00467607697664	0.0288386773646	0.281898334362	0.379348973793	0.085727599942	0.202057059461	0.00177948097531	0.00223633707192	0.000517062717608	0.0125280672149	0.000392306647567
i	0.00216220431555	0.0223513247882	0.109477797787	0.551999997931	0.207837146647	0.0936448598203	0.00490626389177	0.00187454805731	0.00102430958587	0.00435009311497	0.000371410949189
m	0.00113435129518	0.0152994490561	0.0568354815957	0.37917348931	0.205212820216	0.331316495607	0.00484006352059	0.00158360576577	0.00105507587529	0.00329225064832	0.000256892848063
è	0.00108554483173	0.0054788452887	0.0361089193319	0.21265467977	0.193991791405	0.534041631869	0.00969689539686	0.00166132656859	0.000945846471763	0.00322008604944	0.00111442148102
r	0.00119908237724	0.0023379709529	0.0134733711773	0.173650569923	0.261607680468	0.51290322729	0.023055066799	0.00186682962286	0.00316956122392	0.00217052538315	0.00456610469367
i	0.00087284291908	0.0011742515143	0.0053629672891	0.107711666641	0.255732766823	0.475575619097	0.125111298933	0.0134195993743	0.00675584340797	0.00255279179438	0.00573035689789
è	0.000443821099693	0.000845703154767	0.00190084690637	0.071357474547	0.196203637274	0.388493366366	0.297176306311	0.0233888581248	0.0105886544693	0.00257822033146	0.0070231132993
s	0.000613409366564	0.000593499341589	0.000840830802123	0.0377548321823	0.105631047425	0.542905788789	0.275357392104	0.0168037499083	0.0099592172231	0.00263733157715	0.0069029096331
s	0.000681620032188	0.000295732797196	0.00100879408737	0.0144720691941	0.0553409188083	0.775991929596	0.119965338035	0.0111572625028	0.0053492093077	0.0128465557257	0.0028905733977
u	0.000383443833629	0.000154452166399	0.000933957267123	0.0061575909647	0.0275634845028	0.578965921865	0.256792293345	0.0855845458343	0.0198819726026	0.0207206202419	0.0028617035859
m	0.00014694997511	0.000203848639466	0.00128757116037	0.0044554895549	0.0173722374009	0.370922942622	0.313357884448	0.179369888611	0.0259459712675	0.0841814970806	0.00275569570863
u	6.72751509367e-05	0.000223029709822	0.00140113696846	0.00446210985163	0.0143285463003	0.303886860207	0.264123181483	0.241523296204	0.0578578174892	0.110153305694	0.00197340674954
a	2.39002561456e-05	9.1856861274e-05	0.000475204595987	0.00294008400054	0.00681588823343	0.117270784002	0.354924493828	0.351924265401	0.111988409163	0.0514503422313	0.00209474421651
v	0.000127312459649	9.06941950913e-05	0.00318521255683	0.00129601315018	0.00404729154448	0.0765654826007	0.245939286943	0.4909928218	0.099183145721	0.0773014477438	0.00127127873884
ò	0.000237653039883	0.000239485361697	0.00410401415228	0.00972348135006	0.00797519201483	0.0681189838669	0.149794037981	0.412668493933	0.204300184574	0.124749579248	0.0180888907463
r	0.00238750905663	0.000401169530566	0.00272207048409	0.01310088515	0.0106154195049	0.0393232356223	0.14085501266	0.247809634644	0.380285498191	0.115082676416	0.0474169059154
a	0.00302901851898	0.000306281337855	0.0022495054037	0.00526000541667	0.00645203906497	0.0235532886408	0.0880666475533	0.185364466881	0.526070956064	0.114029058805	0.0456187556385
s	0.00108601734976	0.000411955723618	0.00291658881023	0.00210297211556	0.00319970885166	0.0105157368469	0.0411206845178	0.180006027627	0.441475497355	0.295930946268	0.0212338623462
o	0.00043753490542	0.000447500043539	0.00313816804741	0.000985079695187	0.00208814101722	0.00610567349763	0.0179531295059	0.156961018542	0.295804654452	0.500440515423	0.0156385702487
t	0.000188865013973	0.000368040096846	0.00166175702647	0.000446015695062	0.00102952831574	0.00268921224788	0.00953366306863	0.104604268847	0.245427226817	0.620168671808	0.0138827067296
o	0.000106007983458	0.000341571536615	0.00117026202949	0.000265516691687	0.000691655575247	0.00155250248263	0.00589981018954	0.0846319792823	0.165670144272	0.726104523936	0.0135659415565
t	0.000103414166619	0.000366215436538	0.00171730336383	0.000223402850562	0.000662698785082	0.00145739766088	0.00431960556318	0.0506742927608	0.129652754757	0.796988941312	0.0138339338188
s	0.00016763893554	0.000604096965513	0.00410487578794	0.000636517160187	0.00209990952836	0.00663155405363	0.00309897218773	0.0796575509203	0.063466373919	0.834210913771	0.0053216145396
o	0.000122680192947	0.000437968991171	0.00358866901598	0.000794652673396	0.00235635049279	0.00756731639454	0.00716124182924	0.0768337979734	0.065313136973	0.807520357924	0.0283038401465
m	4.5344783749e-05	0.00015260046439	0.00129084447533	0.000457538527799	0.00120152198093	0.00347633417485	0.00736191877641	0.0336938436578	0.0623065916577	0.854039372641	0.0359740504055
ì	5.75269209163e-05	8.205614613e-05	0.000527689351777	0.00197925945927	0.00216672476031	0.00448659139162	0.0138935490921	0.0194345072193	0.0423164748859	0.818980457547	0.0960751004918
</S>	8.75752624581e-05	8.2674333065e-05	0.000282151590889	0.00361025922964	0.00332357758015	0.00598036819581	0.023858078046	0.0160498126097	0.048149224943	0.724622978774	0.173953250246
