 	quando	venne	arrivò	Giovanni	Anna	ancora	aveva	di	cucinare	</S>
a23	0.0161357804988	0.307737143274	0.0345453378347	0.0092802849615	0.066980229092	0.0650922958498	0.0249319522664	0.0300152731652	0.20683948753	0.238442217515
a31	0.0135182415438	0.244307002464	0.0365298302363	0.00812102621397	0.0839822194989	0.0684266599475	0.0523534261352	0.057623739703	0.199749973513	0.235387887327
a10	0.00745123303854	0.228214626583	0.0159530822806	0.00517496668446	0.0617722559099	0.073673076244	0.0501908227581	0.0744155745773	0.228640169645	0.254514198168
a41	0.00308179735531	0.226632639287	0.00705912884215	0.00267085682675	0.0443396017342	0.0760491451347	0.0293421489468	0.0899020101181	0.287186677159	0.233736000978
a24	0.00197330933555	0.215342439189	0.00917058249898	0.00371151700905	0.037253095876	0.0466560658862	0.0201898813663	0.126879389791	0.307537853886	0.231285875843
a46	0.0124565422087	0.256719787231	0.0167395003348	0.00694047292582	0.0233691482896	0.0238711764818	0.00926509639197	0.144149995732	0.274546142055	0.231942148744
a24	0.0338213593033	0.318067558496	0.0135551632366	0.00731715250421	0.00913872403404	0.0114966971802	0.00440230201402	0.151520114055	0.21897248302	0.231708453504
a37	0.0759478099344	0.270131068783	0.00699396313393	0.00723844422747	0.0102094512011	0.0119208886809	0.0113610773057	0.179302754188	0.19536586432	0.231528670247
a46	0.118008403985	0.198047926701	0.00895753444277	0.00994535454569	0.0153946925735	0.0182280054505	0.0178578500878	0.154146540099	0.18494104523	0.274472631424
a31	0.0983188877963	0.252261573079	0.00881717825484	0.0195424537007	0.0219997409434	0.0213728501062	0.0163194621462	0.0786035434713	0.140549185678	0.342215114129
a20	0.0573431676534	0.27101807157	0.00768166647383	0.032874790105	0.0251918993715	0.0288109975367	0.0228225788863	0.106806911956	0.111822102791	0.335627791305
a8	0.0409051173845	0.242851591525	0.0105380577906	0.0288162758851	0.0192121942685	0.030053710378	0.0299360189126	0.137396851754	0.113707733599	0.346582434098
a31	0.0419988995911	0.274503426021	0.00878365429017	0.0233467276655	0.0314408734849	0.0364269980592	0.0314829961539	0.092525127393	0.0744347235936	0.385056577182
a10	0.051406390904	0.251691733641	0.0156903973073	0.0449119963453	0.0360996411235	0.0468399267828	0.0377608466896	0.126943383594	0.0597098107131	0.328945870879
a31	0.0762210307797	0.216345349862	0.0178683358954	0.0543935301024	0.0284957157248	0.0439919767951	0.0407683264995	0.149938554114	0.0672442920029	0.304732893023
a10	0.0973648000876	0.175093847712	0.036426811871	0.0744834147268	0.0248959601315	0.036632665371	0.0333691160124	0.151200524395	0.0741632952941	0.296369582043
a11	0.121809380916	0.109563998667	0.0670659474914	0.0986480684461	0.0171599453235	0.0259803875777	0.0257358403183	0.16416790065	0.0901470053352	0.279721549093
a37	0.130901792212	0.102653313999	0.069007895598	0.0950470647333	0.0206841933087	0.0240553764422	0.0229767521715	0.145967737465	0.0945493029186	0.294156601663
a31	0.131548106059	0.141884393287	0.0456326470459	0.0759651188772	0.0296534280373	0.0314256036817	0.0257464119318	0.125521643575	0.0767109101554	0.315911756417
a20	0.145068466714	0.127339016	0.0653670806831	0.0522217845568	0.0299906420603	0.0295100221276	0.0267701130889	0.127241651936	0.0765599067523	0.319931318584
a41	0.15836478419	0.0736385642342	0.0986280611363	0.0490761881319	0.0248872030462	0.0212835906629	0.0244599241466	0.120638090145	0.0920242395679	0.336999363911
a11	0.181646534312	0.0628737740061	0.0944570490994	0.0559562975098	0.0212169849081	0.016852775371	0.0239450325419	0.101872043408	0.0851263095195	0.356053205457
a27	0.196615232566	0.0636656042461	0.0973302290809	0.0593881445821	0.0211420080172	0.0148827438137	0.0235785674956	0.129204320187	0.0796883628808	0.314504768092
a0	0.197134221275	0.0651588884154	0.0985125911814	0.0565164772583	0.0274548166519	0.0154526520266	0.0268747894839	0.136660562336	0.0694185448691	0.306816445117
a20	0.196809732765	0.0688927963718	0.0901588868809	0.0561507580282	0.0314561419933	0.0159223012095	0.0358395681206	0.135704052662	0.0525426855867	0.316523084099
a31	0.187068711893	0.118160282536	0.0549139360429	0.0558639735933	0.0333642739086	0.0220754073718	0.0342156021813	0.113307030802	0.0355060161426	0.345524777102
a17	0.167720286489	0.114137682169	0.0777615957355	0.0515692241644	0.0316861982129	0.0226173846379	0.0245051761796	0.0798323979283	0.0619747251485	0.368195345337
a20	0.197461717753	0.0508692699895	0.105162713157	0.0512552821985	0.0279939085397	0.0167867667408	0.0188947810445	0.0792116489961	0.0977504533942	0.354613454259
a37	0.222324734588	0.0322893918298	0.0982248557324	0.0530544884863	0.0287700587691	0.0158382031632	0.0176088455482	0.0860224047214	0.102440748399	0.34342624734
a31	0.203080921314	0.0786993939633	0.0786331120426	0.0515645345975	0.0313025898673	0.0212721581619	0.0179625558057	0.0729426174847	0.0831758107186	0.3613663039
a0	0.183824900318	0.090589811076	0.0981322809063	0.0487703722155	0.0296133984912	0.0245344226102	0.0167561021876	0.0518084869498	0.0722582786576	0.383711958113
a17	0.211330711038	0.0387377558262	0.125211156439	0.05259708152	0.0279484768363	0.022358801371	0.0156899654852	0.0485101264966	0.0711879884778	0.386427949904
a28	0.23294714946	0.0242177378776	0.115038759547	0.0571613892677	0.0306270456101	0.0215850278541	0.0149030256297	0.0591834806822	0.0712150752985	0.373121315895
a31	0.207915962163	0.0590599286834	0.0946768742903	0.0581648771946	0.0311290541185	0.0245668018125	0.0135634814029	0.0566500155783	0.0696839078345	0.384589097198
a20	0.185640685364	0.0687286454322	0.107956103889	0.0558905176103	0.0295036558709	0.0265744693585	0.0155754381859	0.057843871647	0.0650118165981	0.387274799939
a28	0.22630944663	0.0315066366372	0.132114536147	0.0493468276991	0.0246894570277	0.0235046118521	0.0172121450873	0.0951825214583	0.0608154331762	0.339318400106
a15	0.245304702212	0.019503190527	0.131455056432	0.0507258506319	0.0254611692804	0.0223835903263	0.0144361659744	0.0952989149768	0.0598487301161	0.335582641622
</S>	0.214108660812	0.0185438543183	0.155812477949	0.0530910263333	0.0293493040335	0.0222401375961	0.0139795051172	0.0727974023604	0.0671427198908	0.352934910191
