 	io	dopo	torno	vecchia	vendo	mia	casa	che	ho	Venezia	a	Venezia	e	vengo	da	vivere	qui	a	Kalimara	</S>
a8	0.182377972206	0.140426854969	0.10515112747	0.00697909719045	0.0569388235534	0.020782327197	0.0129939289478	0.0103366152235	0.00430616410513	0.00208671478906	0.00855648785663	0.0038469715883	0.00697307198529	0.0857321324629	0.0184310332477	0.111269816354	0.0799696207	0.0626341080687	0.0616241534456	0.0185829910752
a37	0.155992466965	0.240103998228	0.0989520266407	0.00289356739386	0.0246536430795	0.00916384656659	0.00623219964495	0.0101818662191	0.00397781813713	0.00365041464215	0.00811046613135	0.00504317411991	0.00717145899192	0.124402743465	0.0361328883312	0.049591788344	0.0593157042076	0.063498055255	0.068976707709	0.0219551806793
a31	0.152108864939	0.19701839784	0.114322340385	0.0013081322767	0.0157128687522	0.00596384804212	0.00435002894089	0.0102957627774	0.0060067338769	0.00385830234316	0.010559192777	0.0041234652119	0.00641670549646	0.105236964695	0.0400025365326	0.0304443250544	0.0866726586692	0.133395015578	0.0546292782213	0.0175745968253
a29	0.184948793073	0.141766234389	0.0769468856309	0.000973472315188	0.00824022539713	0.00576462939393	0.00737572716561	0.0137157930004	0.00683845785163	0.0297565357142	0.0111465011352	0.00804077794571	0.00607397977517	0.0633413427493	0.0313924435093	0.0295336622515	0.0820665648347	0.203969441284	0.0685365574635	0.0195719835583
a1	0.197041956956	0.176849349655	0.0412378026559	0.00370875163365	0.00323489631148	0.0081697552222	0.0147783965751	0.0193274787613	0.0047392840784	0.0405489514146	0.00894781971786	0.0111352434521	0.00440964551959	0.0272447499582	0.0195229863792	0.0372195560471	0.0356148258187	0.216455913851	0.10201614912	0.0277964940731
a39	0.214339265956	0.167218170692	0.0386679177124	0.0044783867712	0.00129052768217	0.00814908598505	0.0197434388579	0.0272555619342	0.00530750346566	0.0253805852527	0.0121839557439	0.0115173575621	0.00545990798126	0.014974443228	0.0116523781644	0.0427118161954	0.0196941274988	0.228857749331	0.110985700178	0.0301321184135
a3	0.247622705953	0.117848426041	0.0512411683642	0.00190166160513	0.000519127310317	0.00424009047407	0.013948826746	0.0232267687745	0.00444314803637	0.0431678712937	0.0104626379427	0.0292948904382	0.00568464653953	0.0134153764462	0.0155838977217	0.033689095765	0.0230371672859	0.2146018251	0.116249906843	0.0298207566032
a20	0.251897966579	0.0917042929104	0.0517732005792	0.00161033263877	0.000577108482266	0.00162544127103	0.00707862359244	0.0140749059293	0.00341771266222	0.0659382414815	0.00602503671278	0.0556746340159	0.00441583961124	0.0206309950619	0.0201863495717	0.023252807897	0.0431615922241	0.190763406113	0.117177659288	0.0290138536099
a8	0.23368832798	0.0656846383704	0.0491694427988	0.00177378663812	0.00103732200961	0.000849607061141	0.00557914364076	0.00973400791864	0.00536934662245	0.074985604251	0.0052861025071	0.0747677705236	0.00318424729611	0.0234817747544	0.0184985657852	0.0230739683077	0.0563184193884	0.193668827647	0.117016062178	0.0368330353989
a17	0.232601220905	0.0277257189571	0.0728328401655	0.000983259785058	0.00091255886122	0.000536427831938	0.00404150297817	0.00647252475666	0.00592347747851	0.0765529979931	0.00576144716622	0.0819101847613	0.00297343922415	0.0214058082364	0.0175277696815	0.0217365336633	0.0610269562304	0.197217877631	0.11966207795	0.0421953904627
a31	0.235480724911	0.0166606500904	0.116359615438	0.000457634336716	0.000432173299523	0.000424888507766	0.00283295551011	0.00577108075346	0.00504521072246	0.0641454346522	0.00656678507871	0.0822668888675	0.00554735928613	0.0183730876105	0.0161983713297	0.0134949898433	0.0477037029104	0.178560554351	0.127706630251	0.0559712704455
a10	0.227132037877	0.0252425542161	0.119689671068	0.000421332425552	0.000415098186664	0.000421453789802	0.00263964507411	0.00637539270363	0.00675908672693	0.0399930997874	0.0132420010135	0.061038680149	0.0112073749434	0.0318142615002	0.0307334709287	0.0132020349122	0.0551918129362	0.155857268145	0.140469638822	0.058154079086
a31	0.222314135437	0.0257005631156	0.121483460816	0.000454883067853	0.000444060943781	0.000384554106581	0.00241315743556	0.00775609442954	0.00934345822533	0.0207897831346	0.0201616839465	0.0317406742276	0.0166119838122	0.0404255127181	0.0448575763816	0.0153258557374	0.0593327756992	0.165137506547	0.139463285841	0.0558589860084
a39	0.217708635838	0.0174293629148	0.101371611728	0.000620687910831	0.000819610294087	0.000476665961567	0.00316655002533	0.00820984504309	0.0102446651793	0.0158504051824	0.0237466324508	0.0228509368646	0.0179388360355	0.0560195095962	0.0494581124263	0.0199630381504	0.0603477912492	0.17112101999	0.141316899906	0.0613391838894
a31	0.21901487959	0.0171241921598	0.0883799657865	0.000834677055702	0.00144767099872	0.00056139679481	0.00340656622702	0.00791513678101	0.0109873297094	0.0127211118046	0.0263816306475	0.0162820922963	0.0193186689827	0.0622548979398	0.0569231048688	0.0217481266265	0.0670279534205	0.202051083041	0.118952765044	0.0466667347616
a24	0.219140684045	0.0224009868974	0.0905527924797	0.000843844005361	0.0020243393088	0.000764979040005	0.00289310903508	0.00750016747885	0.0119876493316	0.0146329349317	0.0262228527548	0.012828125096	0.0203896132992	0.0685122135263	0.0540453675243	0.0169437278564	0.049906788442	0.241200785094	0.100775953823	0.0364330579888
a37	0.226535688545	0.0308383169972	0.0603558837578	0.00100930943095	0.00231644403653	0.000768546138228	0.00319700761001	0.00562507189993	0.0106163710331	0.0185232259986	0.0246986071572	0.0134667443266	0.0183354033171	0.0872357496264	0.0586253377278	0.013996218219	0.0507973011697	0.208388127641	0.127720080586	0.0369505587446
a31	0.234489898718	0.0334462943318	0.0752441132506	0.0024019755901	0.00355373768201	0.00069275505638	0.00407416806097	0.00879888848404	0.0135980433773	0.0131904666429	0.0267311605454	0.0104189155642	0.0229982284222	0.0620595788952	0.0622315442723	0.0130147284902	0.0515423056506	0.224865055961	0.101548508568	0.0350996227051
a11	0.215836465005	0.0417885909152	0.0933631327211	0.00295577927054	0.00531040214284	0.000927705170457	0.00431268035077	0.0100050471988	0.016142411021	0.011055092098	0.0302481596275	0.00825695638967	0.0261162717826	0.0595839729553	0.0615043936706	0.0133700980626	0.0464655581476	0.230957085968	0.0904856801222	0.0313145149561
a16	0.202120291047	0.0366685432004	0.0892002750413	0.00189657064614	0.00503701220415	0.00111983974545	0.00428500785503	0.007804656231	0.0175442043829	0.0107700070977	0.0313653391322	0.00888973589982	0.0216455419518	0.07447442219	0.0714102018628	0.0172540601786	0.0451019016542	0.190148523273	0.125630070644	0.037633809311
a31	0.179791153972	0.0330399509388	0.0987131740195	0.00430830491332	0.00975689659798	0.00115828047315	0.0040607893886	0.0083293105898	0.0189210759941	0.00899883300063	0.0318679104728	0.00886052007361	0.0240384898953	0.0663858998527	0.0783852738513	0.0186341029041	0.0536529903038	0.214830024911	0.0935413279238	0.0427256950456
a39	0.153527014872	0.0517748721742	0.102469365792	0.0106683782221	0.0153744247448	0.00172445644282	0.0044642253394	0.00857709902313	0.0164715876068	0.013673077482	0.0317472038163	0.0135823906745	0.0245048089208	0.0710502125114	0.0695085657439	0.0148793598425	0.0570735966673	0.203561088768	0.0910813969857	0.0442868709485
a37	0.166256017244	0.0615801353892	0.0969292022195	0.0115725173891	0.0138102283575	0.00205748132422	0.00541301889747	0.00917456141078	0.0189729547935	0.0189705544448	0.0415443069508	0.0227753358844	0.0190121383108	0.0773110937653	0.0578182882628	0.0121643545177	0.0430529457533	0.132934636877	0.134138797164	0.0545114296735
a10	0.196130420817	0.062109057035	0.0902595689208	0.00724035134887	0.0101991037376	0.00182990585825	0.00747854465592	0.0132559049875	0.0202555470351	0.0192754272298	0.0419739119572	0.0267309751057	0.0146247140202	0.0721157129051	0.0471379618162	0.01110447149	0.0548999849769	0.0975837058335	0.151260822719	0.0545339132009
a20	0.196570163748	0.0587561127153	0.0856186794563	0.00532951502722	0.0114386121785	0.00174028118248	0.00945334675061	0.0167265333716	0.01965746485	0.0165380762589	0.0333166148257	0.0220841097722	0.0147842161871	0.06772840627	0.0506410755657	0.0134922783249	0.0880639447966	0.0854953651872	0.156601278557	0.0459639262715
a36	0.176390325344	0.0513111245287	0.0814172551768	0.00736080488175	0.0132795848569	0.00197299832729	0.00927014306287	0.0175012121836	0.0248848739287	0.0150731671896	0.0327766102862	0.0174259344557	0.0138244610236	0.0589250288733	0.0517869648535	0.0196521440029	0.0771429848639	0.0980330332616	0.155250162859	0.0767212053593
a24	0.164373790483	0.0552943946946	0.0816733896692	0.0124851278471	0.0118400482487	0.00278885542384	0.0102166249096	0.0187344731388	0.0300355710216	0.0187854285707	0.0382234147707	0.0184881054321	0.0102591048393	0.0506211885106	0.0379548348849	0.0247051029461	0.0508867406152	0.104530076056	0.163798986056	0.0943047813118
a31	0.141035680437	0.0462664984773	0.10214137876	0.048995708488	0.011607706834	0.00244292670564	0.00877498519277	0.0164247949837	0.0279450092548	0.0185389233693	0.0425372393848	0.0194019703145	0.0191062733449	0.0379920523535	0.0533631899943	0.0188686137688	0.0365650771367	0.102208012522	0.146492909374	0.0992910793076
a8	0.0863505756804	0.0456807977554	0.0870613842486	0.0826220319738	0.0106769207109	0.00218932448366	0.0101984161198	0.0198721034672	0.0280154585107	0.0177076652588	0.0428179620318	0.0198257890434	0.0216936117624	0.0479586583609	0.0552549530108	0.0256064430996	0.0339596145686	0.101233119527	0.146558851111	0.114716330902
a31	0.0846082038812	0.0484013032688	0.0625648085679	0.0816253674181	0.018805931643	0.00338692469755	0.0106146975572	0.0200414046875	0.0261768189822	0.0170226700958	0.041006658903	0.0179322371867	0.0188901901409	0.0552763937587	0.062335950222	0.0272221838009	0.0330801146762	0.122717776651	0.127093354603	0.121197029309
a17	0.0854086812356	0.0585145493462	0.0694554646876	0.0787324954973	0.0226839295256	0.00412759549609	0.0107827988402	0.0213829688025	0.0274054963053	0.0197529955074	0.0428536722377	0.0189443256174	0.0185685992084	0.0669041695336	0.0629474854054	0.0186057866052	0.0291172716787	0.11633725705	0.119346807264	0.108127674755
a31	0.0887203724918	0.0653513362919	0.0661489465652	0.0574056784757	0.0259081245502	0.0074369918493	0.0107079078272	0.0223978229398	0.0277177492322	0.0248984226042	0.0445363186692	0.0217684495876	0.0210313606919	0.0695349343952	0.0634461833569	0.0154573928066	0.0323299112596	0.11668781429	0.111150449789	0.107363835623
a3	0.0907526200158	0.0698427488178	0.0677446343497	0.0518535188922	0.0284322700837	0.00892374119393	0.0095061204287	0.018982371137	0.025983313455	0.0263098592814	0.0464170108817	0.0242439500232	0.0225953829429	0.0680428356264	0.0621393996599	0.0122499283864	0.0396214293252	0.118636422037	0.103684574943	0.104037866443
a20	0.0511529865858	0.0975471987286	0.0741227158123	0.0647902820849	0.0226414732845	0.00703221053885	0.016578067846	0.0290445079022	0.0443238200958	0.0257189670436	0.0542382160076	0.0246103947907	0.0174506912168	0.0862354701925	0.0309744854874	0.0152482775908	0.0463328084371	0.0735671883523	0.14717633191	0.0712138972343
a8	0.0447920799891	0.0948915901231	0.076411860651	0.0522400856169	0.0245000068057	0.0078919624137	0.0212962293251	0.0394187705973	0.0553798992539	0.0252613346185	0.0493509070959	0.0218660760683	0.0147792186338	0.07403887775	0.0213173066149	0.0188965586188	0.0385238066657	0.0667727301508	0.172161074714	0.0802096101008
a23	0.0392339913459	0.0816849541215	0.0716071991832	0.0375936712902	0.0257101124548	0.00903470620853	0.0219980860054	0.0445026324381	0.0548914885227	0.0253403270267	0.0418391986814	0.0197641664328	0.0130751960111	0.0598671754352	0.0202017202234	0.0227478620287	0.0279950773019	0.0718670880036	0.197347383715	0.113697958527
a31	0.0394311125944	0.0599641048062	0.0631455843733	0.0293212457235	0.034216621027	0.0104828517338	0.0185379116373	0.039242056185	0.0475757187316	0.0260037779258	0.0427526372276	0.0192289198119	0.0210102647696	0.0683176928728	0.0554135988889	0.0188366059337	0.0333899902046	0.101844493535	0.145758221766	0.125526588009
a20	0.0382038380599	0.0572105319335	0.0645112408306	0.0374530572786	0.0354248416655	0.00985297147231	0.0184262195379	0.0379250463238	0.0417285761029	0.0269868974225	0.0493761930439	0.0206520185853	0.0259151672276	0.0769777004162	0.0653417636034	0.0208423767421	0.0506240289009	0.102327466185	0.120781805385	0.099438253683
a31	0.0650346633507	0.0602091421966	0.0607579456595	0.0372827910324	0.0305491162898	0.0106299335615	0.0167208896674	0.0344311193104	0.0381294471829	0.0271444503714	0.0504460163013	0.0221477759764	0.0270602019296	0.0587579859147	0.0637036473622	0.0196243902055	0.0548831336156	0.104929900468	0.113352583197	0.104204866941
a46	0.072034229121	0.0596408038472	0.052073087468	0.03324342849	0.0296657774825	0.0120472943701	0.0190811421865	0.0412387096519	0.0439407998282	0.0286615269813	0.0466212681665	0.021238191783	0.0233125871084	0.0551743533616	0.0582388890169	0.027427529106	0.0401030668883	0.105168824249	0.118286072482	0.1128024205
a31	0.0607670181909	0.0644196964042	0.0532783352818	0.0309025443115	0.0273516659623	0.0125566652101	0.0202863918608	0.0439143144854	0.04699024786	0.0284419295953	0.0465854349816	0.0208627092812	0.021799171228	0.0568069938185	0.0494780780362	0.0301879592071	0.0321949211245	0.10598307793	0.122089334117	0.125103508308
a8	0.0565497536326	0.070975280419	0.0538326451407	0.0209499493794	0.0265783792913	0.0134483976285	0.0214356967234	0.0438128389038	0.0475905564428	0.0285393435131	0.0468093134783	0.0218772111918	0.0221342341716	0.0629783548153	0.0463855217103	0.02855332542	0.0298537134968	0.104758485777	0.120418208412	0.132518783984
a39	0.033972699981	0.0940372573941	0.0618281356963	0.0248799376135	0.0245165033345	0.0120856323252	0.0288703953977	0.0590799974086	0.0622193358711	0.0293441587377	0.0509267008933	0.0200915113245	0.0164236177311	0.0631871308753	0.020502650446	0.0314239559998	0.0275882670695	0.067134133459	0.163449136059	0.108438844188
a31	0.0370663030804	0.0783341607985	0.0701040149075	0.0195454382489	0.0290415625984	0.0132106641077	0.022938998414	0.0475049678099	0.0528851150058	0.0333600539152	0.0536219864006	0.024730388764	0.024242028106	0.0578995445861	0.0429222161154	0.0181431152192	0.0350919749505	0.092945881393	0.119489988966	0.126921599491
a24	0.0334967419461	0.0788195048539	0.0550194282012	0.0284179531235	0.0310629667073	0.0127829653984	0.019484663494	0.0304424539317	0.0367338628299	0.0293282908393	0.0513329611402	0.0240974820007	0.0267545338827	0.0765266663154	0.0491413793643	0.0166985384862	0.0363015408302	0.145094701824	0.0890559876223	0.129407366872
a6	0.0242513471676	0.10630269923	0.0551206546324	0.0388267654214	0.0303528955834	0.0130578703876	0.0254601290934	0.0331504855261	0.0534920493071	0.0208589699272	0.0489808450706	0.0169737330078	0.0205604950371	0.0703802121442	0.0238248060686	0.0197476923885	0.0293121059801	0.124440105195	0.124014347191	0.120891782503
a38	0.0240743103698	0.101446995518	0.0632442706115	0.0330203028743	0.0310096544402	0.014296731769	0.0282334241688	0.0464271957338	0.075461411496	0.0205220802266	0.043692454855	0.0139141172466	0.0148613844497	0.0472420405922	0.0144418266862	0.0191277427664	0.0220607436034	0.0774770832917	0.173582865944	0.135863363168
a23	0.0247174426582	0.0957557905231	0.062664006904	0.0307116503587	0.0302906915594	0.0135284848186	0.0271470332623	0.0542805400408	0.0738892577738	0.0216520744485	0.0400506569347	0.0121133059221	0.00932632711011	0.0322447518645	0.00793286395185	0.0165359557034	0.0190456246478	0.0748242005239	0.205595491709	0.147693846056
a31	0.0264403767994	0.0723402761814	0.0556882847488	0.0209490279908	0.0327739945266	0.0152384722363	0.0252616561733	0.0503653905651	0.0606783881852	0.0272313281735	0.0452428223523	0.0177057429515	0.0184916442003	0.0488638807409	0.0395418716237	0.014624238566	0.0297555551359	0.102190936761	0.150355866913	0.146260242499
a10	0.0276323242911	0.0597459385871	0.0490434462357	0.024896814203	0.0334948922751	0.0147275956535	0.0235809553378	0.0382226967829	0.0420873610832	0.026012556326	0.0438438012552	0.0194248312796	0.0233056137295	0.0758331952469	0.0517473827192	0.019796147001	0.068650447118	0.10211948118	0.131423866248	0.124410650682
a31	0.0547763348101	0.0671587971836	0.0530539199733	0.0281996925913	0.0324497729575	0.0127994908435	0.0193817656613	0.0271533036612	0.0319853489959	0.0222036497188	0.0396524612935	0.0180962888956	0.0213287346539	0.0641446598135	0.045022771178	0.0175726507478	0.0789897348567	0.105879399677	0.131108083685	0.129043133003
a38	0.0604473246277	0.0729907630309	0.0516429615869	0.0274574690956	0.0337092279667	0.0136257421449	0.0274118695304	0.0434599140126	0.0461827505815	0.0250904800769	0.0415899325843	0.0174295064386	0.018795721856	0.0621611093558	0.039774475542	0.021416923587	0.0438247800404	0.0977137744357	0.130883967589	0.124391303982
a8	0.0346210620355	0.0919048312799	0.0696057555334	0.0313311026559	0.0317310910254	0.0152594782052	0.0389630642941	0.0684620329219	0.0657721235761	0.0253310161486	0.0437706048088	0.0141437076957	0.0139659628315	0.0572619936556	0.0172710737069	0.027602105185	0.0258134946534	0.0524141992119	0.172885390926	0.101889903167
a38	0.0262203423954	0.0960121756277	0.0756015067481	0.0279946658873	0.0293013341535	0.0161036684179	0.0344367890542	0.0719698581839	0.0686927396352	0.0246668196645	0.0416025242431	0.0130757334786	0.0114525240123	0.0364913897915	0.00959480248336	0.021130408992	0.0205016357303	0.0496146628706	0.200430951125	0.125105469822
a31	0.0265212212141	0.0715405554429	0.0588575920297	0.0212449499851	0.0316400006686	0.0170644010794	0.0282506688335	0.0638724513917	0.0630021839609	0.0296230294308	0.043427544687	0.0174787704835	0.0161749848098	0.0484460043131	0.0233059629396	0.0158112483307	0.0229463790594	0.0864366001169	0.168250072818	0.146105398287
a24	0.0284447359515	0.0730770277429	0.0611555830278	0.0241844644446	0.0322107868332	0.0169200710143	0.0240448304132	0.0428237688781	0.0446768112611	0.027889617974	0.0459408648473	0.018901374691	0.0173386615667	0.0691349020014	0.0276687776618	0.0163529722877	0.0278610454531	0.141061891532	0.128927468462	0.131384360514
a31	0.0515202928995	0.0818926405013	0.0620726847727	0.0257620133751	0.0293190809095	0.01567457098	0.0184612420264	0.0251052886596	0.0294169323952	0.0218779360084	0.0420504619874	0.0173461682535	0.0159623491396	0.0599471785909	0.0263996832491	0.0151066255488	0.0301283529777	0.159442670697	0.118878996004	0.153634826617
a13	0.0582685616755	0.0803335509474	0.0574557544238	0.0253953640927	0.0315745354267	0.0167095737154	0.0266772685072	0.0372066351879	0.0338071153406	0.0235895862996	0.0393474548321	0.0184623766623	0.0152087732285	0.0665961007566	0.026024784449	0.0178719713562	0.0306469994224	0.111562405819	0.132557027172	0.150704168399
a39	0.0354360146052	0.108992966242	0.0661598151385	0.0329074259267	0.035907920362	0.0186890286454	0.0403849562393	0.0525356111092	0.04699658449	0.022104404471	0.0392932053125	0.0157210751017	0.00803599911924	0.0675285773456	0.0101583439929	0.0224144223269	0.0330543603953	0.0646906309397	0.174514152535	0.104474532386
a24	0.03133859924	0.127182520223	0.0726822320056	0.0392629529598	0.0415279735177	0.0186074211482	0.0345540504176	0.0426842594497	0.0470237182776	0.018102670766	0.0384780692733	0.0137162117364	0.00514804477302	0.0449494177609	0.00503442565463	0.0191780772313	0.0465319268611	0.0967923485132	0.161701828906	0.0955032695693
a31	0.0560761751502	0.10353266205	0.0648126013658	0.0331778644157	0.0457708425159	0.0196289152221	0.0234795005985	0.0316715202166	0.0359765749032	0.02463877271	0.0378555046614	0.0178574664315	0.0115314649939	0.0373417193723	0.0165502950409	0.0147564625514	0.056313029331	0.131565854838	0.117254474855	0.120208304225
a20	0.0585071305006	0.0854125846789	0.0580474958036	0.0270513497716	0.0430232776234	0.0202727084873	0.0255265959448	0.0368720717887	0.0421696211274	0.0289888499421	0.0373948024722	0.0205380492274	0.0138543639411	0.0481290477938	0.020594378328	0.0177953716286	0.0547123722235	0.0998049034793	0.134610119577	0.126694908669
a31	0.0459531859689	0.0852458792492	0.0631588728884	0.0266705021667	0.0359637455919	0.0179310252492	0.0249864943535	0.0357550105487	0.0443631149348	0.0228224062195	0.0372153266624	0.0185406847194	0.0140351861035	0.050060610577	0.0197087488177	0.0185516377685	0.0414104449437	0.0893721171198	0.152224123074	0.156030905619
a46	0.0418286338479	0.0892863530113	0.0660479927526	0.0281450910447	0.0363594327475	0.019623900273	0.0287695183484	0.044269161208	0.0542025967317	0.0241286189078	0.0367936538938	0.0156843552458	0.0144069347134	0.0346094640444	0.0190351542396	0.0160182286536	0.022964415564	0.0809735523999	0.157705809241	0.169147151336
a31	0.0356886219759	0.0896214061891	0.0719423116296	0.0296548311521	0.0376295649835	0.0207585096263	0.0316435073734	0.0521590409778	0.0672834899534	0.0317845687205	0.0439153380909	0.0160726841726	0.0139062940734	0.0277596097148	0.0150597645072	0.0150574777879	0.0145162790355	0.06715237078	0.163874359926	0.154519965552
a3	0.0324678400828	0.109746969674	0.0723326137249	0.026259045208	0.0326122385594	0.0181835859422	0.0267917967781	0.0367543026955	0.0513205144535	0.029464628939	0.0495611744223	0.0178491532775	0.014650392692	0.0396770080169	0.0143009869353	0.0130942735887	0.0325256201812	0.0737268323733	0.162249465756	0.146431552491
a35	0.0178778659548	0.137501730059	0.0563421585292	0.0332901106657	0.041112543078	0.0216952170085	0.035943454071	0.0382291550435	0.0629546819835	0.0202160227491	0.0440236361834	0.0141260492627	0.00947484039825	0.0439846449057	0.00656462678426	0.0167402561605	0.0398541962351	0.0583092236111	0.183202994772	0.118556585277
a37	0.0191788209133	0.124919659263	0.0546012582132	0.0388548859917	0.0508639472889	0.0248529953949	0.0350381155146	0.0381789811361	0.0678487104906	0.0158668860664	0.0359870919826	0.0118197801229	0.00657518639988	0.0352924383372	0.00407757645725	0.0158466631802	0.0550102032204	0.0612395159304	0.174583906661	0.129363377339
a31	0.038360150688	0.0957272933394	0.0647739309392	0.0309333455283	0.0463187821624	0.02288219964	0.0246264556312	0.0294546600363	0.0440598565943	0.0196039514049	0.033818959565	0.0164341239947	0.0116525819171	0.0357460810023	0.0116064952773	0.0111143457805	0.0647361836681	0.0878731735768	0.146580097082	0.163697335226
a10	0.0387820757768	0.0999746777949	0.0603112783188	0.0267997716042	0.0425702361353	0.0219725853913	0.0235229605021	0.0266487561533	0.0350209448196	0.0213108079686	0.0319242457066	0.0185347533786	0.0139644041193	0.0430023769321	0.014082653533	0.0121419992543	0.0635984803367	0.0868890960189	0.147518194162	0.171429699869
a31	0.0363546819923	0.111341024834	0.060144798415	0.026872446433	0.0391988222849	0.0197545962117	0.0221172735658	0.0223519679616	0.031635100688	0.0176563817965	0.0318953724338	0.0171488404066	0.0123789179267	0.0425176820954	0.0132296778183	0.0121267275244	0.0610994300242	0.0804909054863	0.154245884468	0.187439468596
a0	0.0357927645211	0.115303433407	0.0627864118741	0.028383261747	0.0402628909365	0.0186735107557	0.0341777083856	0.0330716760561	0.0413508034296	0.0197502196502	0.0368608602618	0.0176437992194	0.0120975392657	0.0333414828325	0.0124402016814	0.0138837986196	0.0395030407139	0.0708034240421	0.16069712408	0.173176047292
a31	0.032122417584	0.11469788152	0.0662721224016	0.0303493669465	0.0403458942353	0.0189168309937	0.0397534538589	0.0373022511396	0.0465428443808	0.0207928910148	0.0420390090578	0.0180768392504	0.0131141324274	0.0293441320822	0.0113250339742	0.0147685657239	0.0279030766112	0.062540348794	0.163488015246	0.170304892059
a20	0.0297264007929	0.112196493267	0.0660437278286	0.0302238096799	0.0394000301035	0.017265187379	0.0409492601546	0.0484376066433	0.0559269985066	0.0221884123329	0.0455662789587	0.0174087239703	0.0168774924329	0.0252923057386	0.0123092902703	0.014855516221	0.0166694050644	0.058306780178	0.1593591955	0.170997085381
a8	0.0171174269321	0.120135825176	0.0556791817102	0.0361793017301	0.0488712057565	0.0210783495205	0.0509181893596	0.0733924275245	0.0803040137472	0.0269582487612	0.0431049193474	0.0145786912306	0.0151137007923	0.0222912477973	0.00719921492013	0.0201947636431	0.0126812204936	0.038572828526	0.177238266327	0.118390986927
a38	0.0136482281444	0.102536834395	0.0533220419731	0.0347291446974	0.049178081665	0.0256054390267	0.0454976874515	0.0781553538941	0.0804636455614	0.0295112030917	0.0395837561848	0.012053168246	0.0109702428345	0.0144033263199	0.00375751331498	0.016078312455	0.00978961373467	0.0426205396287	0.195357591798	0.142738286309
a31	0.0159126875093	0.0715977628038	0.0516928922941	0.0280579464758	0.049960741857	0.0257716620637	0.039607780809	0.0746546261366	0.0746621260461	0.0367413106529	0.0424875513555	0.0155157588575	0.0153168127384	0.0171667850769	0.00914692612839	0.0104576099323	0.0105718400136	0.0636816719229	0.180644342577	0.166351170396
a38	0.0159812925634	0.0669348992175	0.0514765686645	0.0306956246916	0.0580524689902	0.0255194865375	0.0408509760486	0.0765115328957	0.098064660476	0.0392182193952	0.0430231645514	0.0161690181618	0.0166977221728	0.0228982482046	0.0111103372662	0.0119708225238	0.0107434509085	0.0586636348876	0.16180713922	0.143610749392
a31	0.0228222636831	0.0739796174134	0.0619766708957	0.0309727036417	0.0513737619509	0.0230993674267	0.0379883245752	0.0721067894567	0.102496392681	0.0404062741227	0.042876449334	0.0149233166899	0.0151288335923	0.0221360264805	0.0103961164645	0.0116314730516	0.0091368791535	0.0512596967959	0.158895672428	0.146393389824
a37	0.0251092383109	0.0914924888197	0.0640324765479	0.0292865212213	0.0421275970918	0.0199641010023	0.0372829149095	0.0629245277899	0.080457700551	0.0401959963407	0.0482981287484	0.0176272504066	0.0165804372105	0.0303108856847	0.0109143415244	0.0136345199318	0.0159127990635	0.051600735512	0.158785486092	0.143461873001
a27	0.0171804493717	0.113454181639	0.0481749401405	0.0417102319501	0.0666457301155	0.0228709413313	0.0419765985865	0.0567442421758	0.0734114965988	0.0287854159806	0.0390286196517	0.0166752067525	0.00972169972302	0.034851021073	0.00600563804986	0.0169050552722	0.0334500336148	0.0465859234373	0.167328048387	0.118494534934
a31	0.026295287149	0.0986392339699	0.0587152387575	0.0374669947563	0.0721570091418	0.0255616780809	0.0347573200704	0.0438358171461	0.0639316497167	0.0247989583074	0.0397677503597	0.0189159741378	0.0131641816515	0.0285564437512	0.010442864539	0.0109707110703	0.0357071362529	0.0669141178458	0.14197975426	0.147421872522
a39	0.0260132700116	0.0915561697042	0.0627702068303	0.0321503651727	0.0561900223707	0.0236553260663	0.0418923578266	0.0522527283549	0.0794732277522	0.0243699567363	0.0402948991015	0.0178664181737	0.0146652054333	0.0254999256047	0.0110919376921	0.012037944789	0.0209033018314	0.0618427310819	0.153869104179	0.151604902805
a8	0.0199308793513	0.101792416993	0.0605843347958	0.0384763161926	0.0591408760785	0.0283128719409	0.0565062403506	0.0728487169389	0.0989986581901	0.0250294211272	0.035390669803	0.0141486728406	0.00914016257685	0.016854601158	0.0048161341648	0.0176121430369	0.0137202262429	0.042864900394	0.172281089242	0.111550678155
a20	0.0200477835594	0.102587003894	0.0633007545859	0.040089087186	0.0599699727607	0.0303446506348	0.0459210810035	0.0749392739389	0.0802374644539	0.027993884964	0.0334989120092	0.0141318083146	0.0068503116071	0.0114395737434	0.00254167005277	0.014951743439	0.0112482489163	0.0522390714913	0.165595078963	0.142072626585
a31	0.0206461730391	0.0743379248947	0.0591769791168	0.0331941742856	0.0640296963534	0.0268049614093	0.032495401018	0.0636395790485	0.0683531311204	0.032063064195	0.0407780231904	0.0185577567977	0.0120513694102	0.0130339012964	0.00651661462995	0.00919332010233	0.0148382519021	0.0754904195904	0.147290028355	0.187509226028
a24	0.0193918847907	0.0754051280898	0.0577632399592	0.0344153066233	0.0706870679547	0.0249756620786	0.026196203482	0.03895199935	0.0551471847931	0.0261050083627	0.0410184252778	0.0174447230038	0.0132985980271	0.0325950467739	0.00792252287165	0.012353068548	0.0287570319194	0.12610309889	0.123635196279	0.167833600883
a31	0.026801570785	0.0925090164733	0.0660581683002	0.0335683118575	0.0599215516527	0.0218408374403	0.0204442073453	0.0213088012865	0.036599288484	0.0168341914586	0.0313394299136	0.0139301037991	0.0112366158467	0.0372637910064	0.00750798098168	0.0130087509719	0.0341435249011	0.154697688317	0.114147653933	0.186838513861
a24	0.0293642181623	0.105758098357	0.068853947119	0.0317331306544	0.0512666448589	0.0205743530476	0.0206522269575	0.0151060722875	0.0264856410048	0.0142228105317	0.0282058796007	0.0132240463792	0.0107117067794	0.0398683258601	0.00751069323919	0.0139525286091	0.042508219239	0.156858115539	0.118893204092	0.184250131194
a31	0.0284354958137	0.112002411199	0.0712736607369	0.0320560077459	0.0485165987973	0.0197996682367	0.0216210367416	0.0128227451345	0.0233214559384	0.0119291616428	0.028531365123	0.0122093145926	0.0108639548156	0.0408961562314	0.00783901145123	0.0144743114902	0.0439176089837	0.150888178933	0.121202182879	0.187399674511
a33	0.0273194005709	0.103148130498	0.074622294277	0.0310193141115	0.0464339247065	0.019708108734	0.0286046372417	0.0328804350673	0.0456204835385	0.0183460448138	0.0346134456431	0.0122702688246	0.0122616953896	0.0221291162042	0.00820791235996	0.0131929404625	0.0251168470966	0.100730824624	0.151520401836	0.19225378097
a8	0.0226082939014	0.102676953663	0.0645891702337	0.039306163538	0.0590971726672	0.0266972743711	0.0429071859905	0.0636728854729	0.0659219525188	0.0265720280098	0.0331758722955	0.0117385079955	0.00908425083333	0.0134627644307	0.00407388264723	0.0169632998891	0.0153197484349	0.059042631368	0.178996914247	0.14409304359
a23	0.0228820863146	0.0939640644737	0.0565368523631	0.0390908761577	0.0630437247155	0.030946654526	0.0445431933649	0.0769037018813	0.0621410377384	0.0287338728809	0.0282503641385	0.0118459592963	0.00751913947324	0.00858634875255	0.0021912736828	0.0143361840647	0.0110097884136	0.0537479012047	0.176167755359	0.16755921933
a31	0.0168619319703	0.066314449003	0.0402713825134	0.0308458951298	0.0572657656684	0.0309042254322	0.0406905739776	0.0751898288427	0.073445664848	0.0357393638989	0.0369019994671	0.0145794016297	0.0126678912855	0.0158143360776	0.00647216852796	0.0130286666723	0.0123084259512	0.0682961187102	0.160891907606	0.191510012643
a23	0.0150867652422	0.0636868918848	0.0405219798941	0.0314244967149	0.0570725864419	0.0309071131082	0.0439073948373	0.078765026851	0.0988736915703	0.0373485019754	0.0390941213084	0.0144734259771	0.0138360117407	0.0226102363419	0.00801189579859	0.0154309958319	0.0125549379455	0.0611731241701	0.15223527917	0.162985527481
a31	0.0183585575525	0.0664465389342	0.0523762392154	0.0309019688171	0.0533423349896	0.0254240568122	0.0431894078439	0.0759168422037	0.101294981492	0.0387191409875	0.0398027527355	0.0138872650263	0.0120935756164	0.02419338713	0.00760110288946	0.0140634021455	0.0109552453303	0.0539158677967	0.153645350574	0.163871981307
a20	0.0186558944431	0.0674875002413	0.0522949492529	0.0318094111856	0.0538648287315	0.0220465762841	0.0445045887335	0.0761840663868	0.101239439703	0.0387479069101	0.0390749562259	0.0141210721488	0.0111544200088	0.0284803041157	0.00736048171546	0.0144046109849	0.0103727075414	0.0498394404589	0.15722548955	0.161131369216
a24	0.0152651694284	0.0911298018154	0.0476580587519	0.0457531241702	0.0821833242698	0.0239229744896	0.0384255409734	0.0625597417776	0.112319969721	0.0269877177283	0.0329634732413	0.0119240182583	0.0044038922608	0.0226045480116	0.00292681976572	0.0146845196385	0.0189780779931	0.0754420352863	0.145290812049	0.124576378232
a31	0.0322135090828	0.086542300722	0.0542438592565	0.0369294950353	0.0815887080809	0.024246218514	0.0240182766845	0.035289649759	0.0866230151117	0.0256908360201	0.0386060172924	0.0166042979148	0.0093638770388	0.0169680989112	0.00707611536587	0.009853131343	0.0280043505904	0.116009227562	0.116093085825	0.154035904721
a41	0.0374677454861	0.0901450283769	0.0634358272331	0.0338160172526	0.0690015703914	0.0232173651333	0.0317511398221	0.0449239943233	0.0738293260752	0.0265276488466	0.0340680616064	0.016825590303	0.0110187453957	0.0244236374692	0.00844121370341	0.0122592340445	0.0203384359828	0.0859252926473	0.132436948999	0.160147149731
a20	0.0236322985314	0.105126610247	0.0573726066874	0.046132737682	0.0856827443123	0.0303750761858	0.0416928242333	0.0646563312895	0.0910810395452	0.0250552126227	0.0271417469756	0.0136546894829	0.0047461624429	0.0229850355144	0.00340241803458	0.0167313104756	0.0126359851936	0.0564686283158	0.145492166777	0.125934373217
a31	0.0234496101585	0.0816982519199	0.0434113556442	0.0349869316706	0.0739315765371	0.031154856828	0.0368182190271	0.0621787166346	0.0824774910505	0.0295775353281	0.0381696774964	0.0189569542182	0.0107081788759	0.0325201614173	0.00874426515655	0.0161920431609	0.0145375004559	0.0713948601453	0.134824154465	0.154267685472
a8	0.0213320309543	0.0746246367202	0.0479937678255	0.0343875765814	0.0660067492459	0.0295029506722	0.0351969827023	0.0611352309774	0.0863077468395	0.0322728072046	0.0410853217939	0.0187433442512	0.0123989713389	0.0363447903711	0.0106686572678	0.015989199861	0.0143289917943	0.0651714111351	0.142581857236	0.153927012311
a20	0.0221702442672	0.100390431039	0.0555684325247	0.0465694992489	0.0791961410675	0.0341985351685	0.0351419474118	0.0704977916982	0.087168752381	0.0319322596997	0.0290412996514	0.0144198477076	0.00653633450206	0.0171179594178	0.0042998224376	0.0135436395446	0.00936731187443	0.046905561205	0.153159961513	0.142774270057
a31	0.023677368099	0.0780616192533	0.0381779481695	0.0365451991754	0.0731447770767	0.0322135870418	0.0332074947456	0.0674968446192	0.0785480656148	0.0352000921362	0.0401126846155	0.0184402265413	0.0140130529162	0.0185837088681	0.00877279393924	0.0123291965984	0.0113037976255	0.0645592402083	0.139986657171	0.175625675219
a20	0.0179606967364	0.0618165602301	0.0353076109529	0.0351228098737	0.0737103461994	0.0286127538242	0.0347378162907	0.0675971476297	0.105926358015	0.0358227432864	0.0436632455444	0.0184604893955	0.0148106457367	0.0253662597473	0.0102267374578	0.014705532375	0.0113414457492	0.0582076739294	0.141298263531	0.165304874006
a31	0.0243810269384	0.0725091076601	0.0571240884399	0.0327093618852	0.0628450432243	0.0223516563676	0.0295213856991	0.0602509959832	0.103843694669	0.0332624433698	0.042529759874	0.0166609190603	0.0103249769729	0.0201388820571	0.00738631816157	0.0120613614713	0.0111418062471	0.0516669795231	0.145268486561	0.184021701829
a8	0.0272147375026	0.0863272033854	0.070798775563	0.034671937007	0.0580144639576	0.0229881361631	0.0266578686836	0.0554631473603	0.0806018228757	0.0343732292498	0.042001300581	0.0157015890835	0.00942532649812	0.0153168694168	0.00681961301416	0.0122088418722	0.0126320525249	0.0530451784744	0.152624974005	0.183112914156
a31	0.0234126766184	0.0832478210747	0.0817216654588	0.0361189145946	0.0618764840591	0.0233017657363	0.0259738364985	0.0575405781263	0.0764966390366	0.0420933750165	0.03974418195	0.0151328507112	0.00932508100919	0.012339046372	0.00606070504189	0.0122747497988	0.0106796042115	0.0488625945915	0.15782646898	0.175970938105
</S>	0.0259897935521	0.0644184313777	0.0926588767224	0.0244561942445	0.0513212633675	0.0186401841902	0.0213350101592	0.0511169133686	0.0706092278613	0.0486996282182	0.047100625235	0.0171337027156	0.0127338846026	0.010634121214	0.00781271870364	0.00844031968797	0.0100154723617	0.0576132940258	0.149143779536	0.210126543652
