 	guardate	che	il	ladro	che	il	ladro	è	entrato	da	qui	che	ci	sono	i	segni	</S>
a31	2.8853054e-05	6.132479e-05	0.00021514177	0.0003806735	0.00012644427	0.03498781	0.49889192	0.002579742	0.0001149432	0.019505806	0.0002255119	0.013762828	0.4053427	0.00014948803	0.013449316	0.010177567	8.989044e-12
a11	0.00030755092	0.019000284	0.10085049	0.039934754	0.26878425	0.35839984	0.1609766	0.0089093875	0.002985509	0.020253329	0.0019499329	0.010797722	0.00014333286	0.0011145127	0.0026783198	0.0027953563	0.00011876571
a37	0.14216144	0.042760715	0.027996946	0.0069055515	0.17332573	0.04298549	0.30206874	0.058607582	0.0076088854	0.11172989	0.0009278373	0.048673563	0.0017506187	0.0069706594	0.0016075682	0.023913225	5.571846e-06
a28	8.90084e-05	0.004793074	0.0020828445	0.0032381262	0.012752139	0.01337191	0.018823538	0.037807453	0.013590208	0.114608526	0.0100909	0.091714844	0.020748194	0.15583473	0.43117824	0.069275044	1.215129e-06
a31	0.0012119809	0.022237513	0.023284396	0.009628145	0.05510037	0.114514165	0.08054293	0.09565562	0.019722935	0.2676834	0.010095942	0.239005	0.014124408	0.014845395	0.015903743	0.016437355	6.710521e-06
a21	0.0016566664	0.13200408	0.10812298	0.01207825	0.12913862	0.11963234	0.089980386	0.014957323	0.005792185	0.029097952	0.004669984	0.03239306	0.0011968323	0.084464565	0.15699188	0.07582631	0.001996582
a31	0.0024895621	0.0010086078	0.00060184696	0.0023215355	0.01245064	0.040888358	0.031827837	0.10702828	0.027101653	0.34694102	0.013539266	0.33385125	0.01786641	0.003072978	0.0035411124	0.05546894	7.797534e-07
a10	0.00074247585	0.004470641	0.014271956	0.004794146	0.06411399	0.07686194	0.04097267	0.062087383	0.016858913	0.09656194	0.009750563	0.12556207	0.0036254504	0.12117437	0.17240056	0.17514613	0.010604788
a31	0.0011387554	0.002015399	0.001844906	0.0018577416	0.007935252	0.02292098	0.028914586	0.094224066	0.07775703	0.28594282	0.03972106	0.16633475	0.06320738	0.0021574022	0.0018670644	0.20209982	6.0991937e-05
a3	0.00013679214	0.00041506017	0.003778368	0.0034934275	0.037560377	0.12143125	0.06675392	0.14221074	0.035870094	0.21229053	0.017798776	0.230007	0.007631913	0.034806397	0.056902092	0.027103476	0.0018099189
a28	0.0014463029	0.0044429344	0.002243567	0.001980261	0.0073261433	0.016612353	0.023665693	0.09431101	0.11475831	0.23309925	0.06234571	0.13474372	0.14267647	0.0037180902	0.0035482189	0.15302272	5.929451e-05
a31	0.0015517237	0.003836689	0.0034894494	0.0022798826	0.01884734	0.024530267	0.02176429	0.09440262	0.08008921	0.2696425	0.04857091	0.1698706	0.06436767	0.011734719	0.011354178	0.17253637	0.0011315712
a20	0.00018511218	0.00036788647	0.0036765747	0.0038854443	0.032263502	0.15465184	0.0978165	0.18481119	0.056042444	0.21692196	0.027192285	0.17803526	0.011694067	0.009978742	0.018288394	0.002682257	0.0015065813
a0	0.00093890243	0.0030887353	0.0016425158	0.0014390615	0.0066980086	0.01736929	0.022782728	0.11513985	0.116269216	0.27245483	0.069399856	0.15862328	0.1552703	0.003383532	0.0042380374	0.05122433	3.7535166e-05
a20	0.0009772877	0.0029485903	0.0021473556	0.0014353776	0.011774186	0.01990335	0.019164337	0.10702843	0.093992144	0.27674782	0.06718499	0.17757457	0.09722158	0.014823073	0.01835592	0.08784336	0.0008776535
a31	0.0035559707	0.004314339	0.006241661	0.0033388084	0.03709155	0.030389294	0.018830752	0.0688249	0.036889635	0.19976857	0.02250573	0.13693476	0.017913476	0.015757818	0.018739743	0.3783117	0.00059124985
a20	0.00021212363	0.00023799828	0.0024522976	0.0025545927	0.033663876	0.16694249	0.08460972	0.19442081	0.041973215	0.23659918	0.02221259	0.17106308	0.010235413	0.006916057	0.0138450805	0.003965519	0.008095953
a8	0.0018388536	0.004574172	0.0027691897	0.0020687378	0.012468625	0.019741386	0.021720316	0.08988063	0.09239208	0.2376117	0.06087844	0.12830395	0.09540161	0.012826883	0.013694315	0.2036912	0.00013795275
a31	0.0035934888	0.0073513817	0.0052743773	0.0034468272	0.021512594	0.021612225	0.01921349	0.06854178	0.076805145	0.17174149	0.059731342	0.105880074	0.07173938	0.031791847	0.034864184	0.29420346	0.0026969628
a10	0.000170305	0.00023255666	0.0023464062	0.0024673413	0.022008168	0.16003993	0.1063944	0.2195957	0.061981265	0.22822312	0.027865209	0.146234	0.013119131	0.0029020389	0.0055694045	0.00048186423	0.00036916896
a31	0.0005036658	0.0013140688	0.0013980662	0.0024652916	0.010983195	0.05259565	0.046740852	0.12658814	0.06848944	0.31225732	0.05107821	0.17003036	0.089735165	0.0076007224	0.013000935	0.04514205	7.684265e-05
a18	0.000109573615	0.00014632214	0.0012960939	0.0019661314	0.023008602	0.12094465	0.056160655	0.18581979	0.037483253	0.28794003	0.022705719	0.21208356	0.015751757	0.008689841	0.012696859	0.010879144	0.002318068
a31	0.0049342937	0.014696263	0.0066513703	0.004344054	0.02112537	0.020217232	0.024390899	0.070074104	0.11208199	0.1479069	0.080807924	0.054450504	0.14900555	0.011747476	0.01836881	0.25893685	0.0002604221
a37	9.176807e-05	0.0001462415	0.00087495503	0.0012189784	0.012573019	0.083569735	0.044971082	0.17452504	0.048079487	0.3109086	0.036416225	0.2265736	0.02593633	0.0065734675	0.009449031	0.015025261	0.0030672275
a31	0.0080193635	0.024023132	0.010525897	0.0066485186	0.027997438	0.021798454	0.026234798	0.064561374	0.11611171	0.1233639	0.08207197	0.043692276	0.16146553	0.010453558	0.01656144	0.25609246	0.000378192
a21	0.00010972158	0.00018239165	0.0009213663	0.0012359004	0.010745505	0.06848166	0.04222108	0.16896285	0.060319234	0.30936828	0.048821643	0.21700297	0.037769586	0.00535077	0.0072209584	0.018317398	0.002968681
a28	0.008107001	0.021420646	0.010730183	0.00773897	0.026404902	0.023952434	0.028302794	0.0699013	0.124562435	0.12972006	0.08539677	0.05810457	0.16110224	0.0117925685	0.013678472	0.21855077	0.00053389213
a15	0.0067411372	0.020154176	0.0135497525	0.007224693	0.030485615	0.021329824	0.02693451	0.087722845	0.18780787	0.13586268	0.11944226	0.047302138	0.24624422	0.0031875945	0.0056466083	0.036458205	0.003905906
a7	0.0185651	0.03855282	0.026276402	0.018905802	0.06424493	0.03938878	0.033539895	0.041891925	0.04063207	0.08087438	0.030160755	0.036242537	0.05459431	0.014998445	0.01849543	0.44035232	0.002284118
a20	0.0061603785	0.012442542	0.011149187	0.009466791	0.034549713	0.04420786	0.052203186	0.06291321	0.10932259	0.110675305	0.110384114	0.029682746	0.13803321	0.011367174	0.024727674	0.22515872	0.007555536
a31	0.010617437	0.019000368	0.015064107	0.012176913	0.043683093	0.039376736	0.0421827	0.034203712	0.055717394	0.061400585	0.061181247	0.015550812	0.07172417	0.017933456	0.04751358	0.44521183	0.0074619055
a28	0.00029774368	0.00023188889	0.001709874	0.0018001808	0.014527128	0.06921233	0.05033495	0.17516465	0.09431873	0.2548592	0.08309695	0.13904952	0.046080858	0.0028095497	0.0050465283	0.023915995	0.037543874
a33	0.02001123	0.037870884	0.02270232	0.019034047	0.046462834	0.033509124	0.036715712	0.020904282	0.032281585	0.03386052	0.031532608	0.009108783	0.04857971	0.011162344	0.024182811	0.57035726	0.0017238769
a8	0.021427456	0.04751978	0.04040134	0.028834006	0.069592305	0.044122316	0.038255878	0.05052676	0.072455615	0.054907657	0.07372191	0.025159782	0.116926536	0.027708378	0.039500546	0.2130633	0.035876427
</S>	0.022032447	0.019307306	0.031400174	0.02548463	0.0885694	0.058741834	0.040014464	0.044007413	0.024064543	0.091407	0.020863265	0.054246098	0.021569347	0.008911667	0.014146945	0.4312248	0.0040085907
