 	non	mangiare	la	sera	</S>
a31	0.7438837	0.2347021805	0.02090405782	0.00026455574655	0.00024550264
a41	0.609947733333	0.351277126833	0.0384928972733	0.000100314633217	0.000181887224667
a21	0.635495864444	0.318477112278	0.0434457364244	0.00208705911774	0.000494200196222
a28	0.546494308148	0.233088787426	0.0993029474748	0.0991217355726	0.0219922282654
a31	0.305905341049	0.193033789142	0.228783452492	0.173967685191	0.0983097444218
a17	0.197831202016	0.161392094714	0.229660070831	0.18997484173	0.221141778141
a31	0.148219017339	0.131191756571	0.130203916944	0.265091480577	0.325293812714
a20	0.16827608578	0.123831565524	0.106004950315	0.307313346859	0.294574060905
</S>	0.24376041289	0.107368602762	0.110951422158	0.31059555343	0.227324015453
