 	io	dopo	torno	vecchia	vendo	mia	casa	che	ho	Venezia	a	Venezia	e	vengo	da	vivere	qui	a	Kalimara	</S>
a8	9.16449e-08	5.4843568e-08	5.7872875e-09	4.8703022e-08	9.68669e-07	4.051487e-07	5.184964e-06	7.8918765e-07	1.7169618e-06	6.870828e-06	2.6756052e-05	3.2171873e-05	2.7771976e-05	0.0003027846	0.00034932117	0.009147117	0.4481497	0.2675468	0.2196437	0.054757755
a37	0.01150824	0.010823824	0.0014772138	0.0019088566	0.0017530131	0.00033859437	0.002110344	0.0009673679	0.002679428	0.0029190567	0.0072094635	0.005085757	0.0068252767	0.023801442	0.019880878	0.023917148	0.09375471	0.28545249	0.38470197	0.112884924
a31	0.0019223527	0.001460168	0.00019715965	0.00045894922	0.0007860106	0.00018375635	0.0015251148	0.0005266513	0.001532726	0.002451329	0.00692663	0.0050838757	0.0062976894	0.025958352	0.022497483	0.044422	0.22334233	0.224351	0.33054498	0.09953147
a29	7.569106e-09	4.147069e-09	5.014641e-10	4.7685242e-09	1.5556584e-07	9.229206e-08	9.2405713e-07	1.4325602e-07	2.9952344e-07	3.8533353e-06	1.0216278e-05	1.5626916e-05	1.0246154e-05	3.384814e-05	3.8271693e-05	0.0006804243	0.4905858	0.4586227	0.035323337	0.014674004
a1	0.00028712582	0.00025819376	4.6079927e-05	9.0171256e-05	0.0001667049	4.8159356e-05	0.00025859248	9.695946e-05	0.00022084726	0.00025007213	0.00054758386	0.00038035872	0.00045045017	0.0013427966	0.001039371	0.0013621318	0.007033078	0.2252422	0.6048498	0.1560293
a39	0.00010648616	9.953375e-05	1.3540958e-05	3.3378856e-05	9.298141e-05	2.4025478e-05	0.00016965528	5.1832314e-05	0.000120850615	0.00014937611	0.00034403225	0.00024339987	0.0002662932	0.0008628588	0.000667886	0.0011815457	0.014526425	0.26352543	0.55917466	0.15834577
a3	0.0004928184	0.0005119977	6.3458836e-05	9.739848e-05	0.00015601072	3.291187e-05	0.00022925726	7.794055e-05	0.00019494115	0.0001974102	0.00045804866	0.00031658416	0.00036434742	0.0012298021	0.00094333757	0.0014444927	0.015524537	0.25039244	0.57822543	0.1490468
a20	0.00021331912	0.00024745025	2.487351e-05	3.0880983e-05	4.9856237e-05	9.637965e-06	6.849685e-05	2.189134e-05	5.394864e-05	5.556611e-05	0.00012283542	8.9948146e-05	9.620173e-05	0.0003146591	0.00023544658	0.00039211003	0.0064554126	0.24535324	0.6070401	0.13912413
a8	0.0010321888	0.0010882495	0.000112185386	0.00011213062	0.0001268507	2.2615748e-05	0.00016831806	5.830668e-05	0.00016089597	0.0001821414	0.00044153302	0.000326579	0.00037883897	0.0013756034	0.001086957	0.0017795953	0.021620965	0.26919383	0.56868684	0.13204536
a17	0.001209384	0.0013933703	0.00011992368	9.0122514e-05	8.183296e-05	1.4444266e-05	9.543194e-05	3.7054415e-05	0.00010089922	0.00012248014	0.00028178855	0.00022428743	0.00026062448	0.00086460984	0.0007063824	0.0011102541	0.013532403	0.25440553	0.5915618	0.13378741
a31	0.00084275467	0.0009283901	6.7317575e-05	4.554327e-05	4.3929846e-05	7.090107e-06	5.339447e-05	1.8332972e-05	5.278136e-05	7.708363e-05	0.00018558091	0.00015726782	0.00017325315	0.00063011964	0.0005132717	0.0009739466	0.014950834	0.2585728	0.5978084	0.12389796
a10	7.586477e-06	4.8586335e-06	1.3859299e-06	3.1847412e-06	1.0240674e-05	3.2395585e-06	1.697511e-05	4.6742e-06	1.03603015e-05	1.6779662e-05	4.8638143e-05	3.5250243e-05	4.6695823e-05	0.00027631043	0.00025137613	0.00073857245	0.0048022694	0.25719646	0.69522524	0.041299876
a31	1.0528823e-05	1.0236818e-05	1.4466428e-06	2.3220696e-06	5.507895e-06	1.2376778e-06	8.827895e-06	2.4196877e-06	6.0352713e-06	6.5360173e-06	1.5410533e-05	1.0725474e-05	1.1632668e-05	4.2566568e-05	3.0309606e-05	5.1856667e-05	0.00068761193	0.19352826	0.6994515	0.10611501
a39	6.1664286e-07	4.0090416e-07	1.07751546e-07	4.401681e-07	3.6082029e-06	1.5023894e-06	9.170545e-06	1.951539e-06	4.084261e-06	1.0310485e-05	2.7277489e-05	2.276908e-05	2.3377597e-05	0.00010621804	9.311608e-05	0.00039402477	0.008862249	0.46152946	0.48767734	0.041231938
a31	1.2401538e-05	1.4051282e-05	1.934449e-06	2.7703177e-06	6.516611e-06	1.5076687e-06	9.72161e-06	2.7365077e-06	6.15642e-06	5.5711153e-06	1.1542221e-05	7.9625715e-06	8.073244e-06	2.5701853e-05	1.7482e-05	2.704424e-05	0.00032268473	0.14501432	0.7301041	0.12439774
a24	9.212713e-08	7.213901e-08	1.705187e-08	1.2767198e-07	3.8879834e-06	2.0209739e-06	1.5481688e-05	2.5270222e-06	4.7055955e-06	2.0295272e-05	4.4983895e-05	4.562397e-05	3.1812047e-05	9.887783e-05	8.282875e-05	0.0006092073	0.062781684	0.73126876	0.17707117	0.027915733
a37	2.6858952e-06	4.3082014e-06	4.999515e-07	1.1541528e-06	1.1572561e-05	2.7579194e-06	1.9032785e-05	3.6635447e-06	5.772135e-06	5.71355e-06	8.940458e-06	6.7410792e-06	4.7586723e-06	1.1649163e-05	7.156269e-06	1.6431133e-05	0.0007883365	0.27284107	0.5899471	0.13631065
a31	7.265385e-05	8.663527e-05	1.220632e-05	1.546484e-05	2.6921845e-05	6.056159e-06	3.6418794e-05	1.1960119e-05	2.700158e-05	2.173776e-05	4.4418844e-05	2.981159e-05	3.2163112e-05	9.8897566e-05	6.9142705e-05	9.169411e-05	0.00082162925	0.1652018	0.6986627	0.13463062
a11	6.529637e-08	6.0578e-08	1.3041923e-08	1.2831715e-07	7.5223425e-06	4.2871484e-06	3.6112546e-05	5.492966e-06	9.333981e-06	5.074979e-05	0.00010069708	0.00011270238	6.4577114e-05	0.0001633568	0.00013548516	0.0013218841	0.20712984	0.67772084	0.0915718	0.021564927
a16	2.8805896e-05	3.5990448e-05	5.810863e-06	8.596134e-06	2.179902e-05	5.5391724e-06	3.0831183e-05	9.36474e-06	1.8561788e-05	1.3471265e-05	2.4884817e-05	1.6152204e-05	1.6288328e-05	4.5813198e-05	3.061098e-05	3.9378025e-05	0.0003301134	0.13509277	0.71983135	0.14439388
a31	2.745989e-05	3.861693e-05	4.4052504e-06	6.557798e-06	1.7804738e-05	3.910078e-06	2.4711535e-05	7.128761e-06	1.4173165e-05	1.1685511e-05	2.161626e-05	1.5229605e-05	1.4433106e-05	3.9969724e-05	2.7614045e-05	4.41592e-05	0.0009533853	0.19338156	0.65078354	0.15456201
a39	5.9377925e-08	6.042018e-08	1.2784849e-08	1.3877934e-07	1.0743651e-05	6.533827e-06	5.6073615e-05	8.443749e-06	1.3474671e-05	7.691681e-05	0.00014453517	0.00016568636	8.862228e-05	0.00020199722	0.00016684213	0.0017656609	0.29537833	0.61295843	0.06925644	0.019701002
a37	2.7255568e-05	3.6004876e-05	5.865652e-06	7.962388e-06	1.8852501e-05	4.9676946e-06	2.4617813e-05	8.177037e-06	1.5307984e-05	9.679517e-06	1.6948077e-05	1.079019e-05	1.1040101e-05	2.8678503e-05	1.9048495e-05	2.1850874e-05	0.0001576465	0.09193998	0.7478286	0.15980668
a10	2.9881836e-05	3.5489316e-05	4.9511814e-06	8.542376e-06	2.3443137e-05	5.7308316e-06	3.6128968e-05	1.0600089e-05	2.1962554e-05	1.7570545e-05	3.4553956e-05	2.2827404e-05	2.3053817e-05	6.806268e-05	4.67726e-05	6.8830515e-05	0.00092450867	0.17683661	0.6695746	0.15220588
a20	5.8688303e-05	6.485661e-05	8.743034e-06	1.5129937e-05	3.608444e-05	8.096078e-06	5.623652e-05	1.654682e-05	3.8483773e-05	3.6873178e-05	8.014483e-05	5.458256e-05	5.8007496e-05	0.00019156672	0.00013661612	0.00021286805	0.0026285662	0.24400115	0.624121	0.12817574
a36	0.00013476783	0.00017582453	1.9666406e-05	2.507846e-05	4.449973e-05	9.131618e-06	5.963713e-05	1.9444797e-05	4.405535e-05	3.9318056e-05	8.056554e-05	5.7161295e-05	6.00067e-05	0.00018141308	0.000132931	0.00020413868	0.0033046256	0.22417179	0.6262424	0.1449936
a24	0.000111477595	0.0001668707	1.4857132e-05	1.6158547e-05	2.9265571e-05	5.892779e-06	3.773654e-05	1.2077599e-05	2.6043615e-05	2.5778494e-05	4.9367685e-05	3.825948e-05	3.7051497e-05	0.00010369037	7.7289966e-05	0.00013583673	0.003244154	0.23610844	0.6154136	0.14434624
a31	3.9021932e-05	4.9329898e-05	3.3139902e-06	2.3426269e-06	3.3334745e-06	8.8390215e-07	4.5899446e-06	1.5090357e-06	3.2888338e-06	3.9776187e-06	7.414577e-06	6.415123e-06	5.8466317e-06	1.5589114e-05	1.1291882e-05	2.1507172e-05	0.00020165782	0.08950843	0.7911131	0.11899712
a8	5.43914e-07	4.2098287e-07	1.00717166e-07	5.0096475e-07	6.9959824e-06	2.8021332e-06	1.9664554e-05	3.6092756e-06	7.2984017e-06	1.7020167e-05	4.1249757e-05	3.3337794e-05	2.9501865e-05	0.0001164848	8.9365916e-05	0.0003640629	0.008383552	0.4471945	0.496156	0.04753304
a31	3.6113063e-06	5.7791012e-06	6.008526e-07	7.2809615e-07	1.9455858e-06	5.2620345e-07	2.5360393e-06	8.6428435e-07	1.5985725e-06	1.5429679e-06	2.6015257e-06	2.043344e-06	1.9244658e-06	4.3438954e-06	3.1109712e-06	4.743511e-06	8.043549e-05	0.09346048	0.7672157	0.13920479
a17	7.4328405e-08	7.827036e-08	1.8412667e-08	1.6237232e-07	1.269251e-05	6.2623035e-06	5.471502e-05	7.532092e-06	1.1979677e-05	4.8959675e-05	9.374506e-05	9.270894e-05	5.2437776e-05	0.00013178418	9.361132e-05	0.0006834394	0.055376343	0.7181778	0.19047518	0.034680493
a31	2.4241185e-06	3.7387981e-06	4.3655757e-07	5.0821734e-07	1.5086155e-06	4.4034212e-07	1.9841973e-06	6.8020813e-07	1.1888613e-06	1.0099565e-06	1.6430902e-06	1.2366872e-06	1.1625958e-06	2.505812e-06	1.7471065e-06	2.4687872e-06	3.737905e-05	0.0665903	0.78496414	0.14838351
a3	5.168794e-08	6.4692856e-08	1.5581941e-08	1.763364e-07	2.7752278e-05	1.5645712e-05	0.00014433691	1.8382676e-05	2.5383195e-05	0.00013615747	0.0002347939	0.00025688784	0.00012127512	0.00024797203	0.0001743724	0.0016490278	0.15205681	0.7152982	0.10410475	0.025487952
a20	2.3476987e-06	3.6476622e-06	4.834361e-07	6.9544194e-07	2.7415488e-06	7.4035546e-07	3.8181847e-06	1.0920801e-06	1.8722288e-06	1.4661304e-06	2.3878692e-06	1.7089695e-06	1.4996439e-06	3.5042278e-06	2.2791444e-06	3.459761e-06	6.264379e-05	0.085100934	0.7606251	0.15417752
a8	7.09301e-06	1.1421327e-05	1.2559993e-06	1.7269333e-06	5.1951506e-06	1.2686976e-06	6.983962e-06	2.1191686e-06	3.8930925e-06	3.3776162e-06	5.764916e-06	4.3258747e-06	3.901693e-06	9.462466e-06	6.5290174e-06	1.0703651e-05	0.0002615418	0.13513744	0.7124362	0.15207973
a23	1.7430897e-05	3.109528e-05	2.475674e-06	2.9582247e-06	6.6475122e-06	1.6519137e-06	8.313084e-06	2.9915802e-06	5.6989365e-06	7.232444e-06	1.2293114e-05	1.0907197e-05	1.000871e-05	2.2389722e-05	1.7477589e-05	3.1973945e-05	0.0008347014	0.1716464	0.6834653	0.14386204
a31	2.1419346e-05	4.0160776e-05	2.699783e-06	2.9493888e-06	6.4037313e-06	1.5954458e-06	8.216172e-06	2.8280047e-06	5.387635e-06	8.802864e-06	1.4606627e-05	1.4485454e-05	1.2298888e-05	2.7244956e-05	2.1950387e-05	4.8285725e-05	0.0014881158	0.20423555	0.65743846	0.13659856
a20	1.5014015e-07	1.8979532e-07	4.16853e-08	4.024774e-07	4.276826e-05	2.0171918e-05	0.00018907296	2.600858e-05	3.8901526e-05	0.00017175949	0.00030830438	0.00031660276	0.00016491771	0.00037301096	0.00026446706	0.0020720589	0.16233298	0.67935795	0.12424049	0.030079728
a31	3.7110865e-06	6.3053103e-06	7.3069776e-07	8.173482e-07	2.6151624e-06	7.824976e-07	3.215122e-06	1.1133525e-06	1.756159e-06	1.3408185e-06	1.9915399e-06	1.4971598e-06	1.3406062e-06	2.6659588e-06	1.8289958e-06	2.511243e-06	3.691653e-05	0.05883094	0.7791223	0.16197567
a46	6.506331e-08	9.045258e-08	2.2041293e-08	2.6617406e-07	5.7123107e-05	3.426646e-05	0.00030927616	3.8302685e-05	4.762157e-05	0.00026410184	0.00042000026	0.00046916786	0.00020364035	0.00036880802	0.00025051928	0.0024179858	0.17879784	0.67293483	0.112867445	0.03051865
a31	9.261869e-07	1.6367491e-06	1.9667988e-07	2.2848907e-07	1.0895563e-06	3.6198054e-07	1.4175598e-06	4.6654193e-07	6.6443874e-07	5.2782303e-07	7.3673095e-07	5.653034e-07	4.7540803e-07	8.573298e-07	5.748423e-07	8.265975e-07	1.4475046e-05	0.040530384	0.78934324	0.17010039
a8	5.3632018e-08	7.9053585e-08	2.0305892e-08	2.4632456e-07	6.8905916e-05	4.350212e-05	0.00039651652	4.587148e-05	5.224632e-05	0.0002991373	0.00045121476	0.0005093473	0.00020606534	0.00034255694	0.00022330649	0.002170563	0.14508624	0.69069153	0.12484103	0.03457158
a39	2.7546315e-07	5.021744e-07	5.2492403e-08	6.203631e-08	3.6566271e-07	1.358565e-07	5.101277e-07	1.6864969e-07	2.290215e-07	2.3772034e-07	3.2250608e-07	2.744709e-07	2.197533e-07	3.571976e-07	2.4831638e-07	4.0851722e-07	1.0333249e-05	0.04230811	0.7901337	0.16754347
a31	5.0168853e-07	9.586025e-07	9.024561e-08	1.5491626e-07	1.1624762e-06	3.189796e-07	1.8032208e-06	4.3096082e-07	6.5183076e-07	7.585789e-07	1.1240018e-06	9.71438e-07	6.9246477e-07	1.4162554e-06	9.4365174e-07	2.2332094e-06	0.00014575811	0.14790711	0.7031738	0.14875907
a24	1.4501286e-07	2.2299383e-07	5.2584678e-08	6.1565e-07	0.00013890171	7.338016e-05	0.0006709149	8.3449144e-05	0.0001014919	0.00051967916	0.00080402294	0.0008766994	0.00037856985	0.00068286766	0.0004460162	0.003837345	0.19750921	0.6303135	0.12879132	0.034771558
a6	1.2745767e-06	2.55738e-06	3.1259518e-07	1.059236e-06	4.3657208e-05	1.1658527e-05	8.623304e-05	1.3334482e-05	1.592482e-05	1.8946354e-05	2.574766e-05	2.042503e-05	1.1385264e-05	2.293854e-05	1.3784108e-05	4.863658e-05	0.005436348	0.41376513	0.44653746	0.13392317
a38	3.262506e-06	6.7066558e-06	6.498575e-07	8.186352e-07	3.140521e-06	1.0404947e-06	3.7108916e-06	1.3994511e-06	1.9399367e-06	1.7620573e-06	2.3809982e-06	1.9926229e-06	1.6892117e-06	2.8526458e-06	2.0956002e-06	3.2404869e-06	7.908415e-05	0.082336195	0.7456455	0.17190057
a23	2.090503e-06	4.589807e-06	3.631201e-07	6.038111e-07	3.0024883e-06	8.530032e-07	4.176473e-06	1.2315256e-06	1.8753683e-06	2.5476054e-06	3.6910747e-06	3.4853365e-06	2.6021792e-06	4.997616e-06	3.6806205e-06	8.580565e-06	0.000425169	0.17604059	0.677788	0.14569783
a31	2.9838204e-06	6.707376e-06	4.7637474e-07	8.002777e-07	3.4175657e-06	9.908308e-07	4.6149175e-06	1.4550178e-06	2.282159e-06	4.3017894e-06	6.1957703e-06	6.6369626e-06	4.897604e-06	9.141991e-06	7.1797663e-06	1.8052046e-05	0.0007515183	0.20247665	0.6618024	0.13488917
a10	2.7337953e-07	4.5567884e-07	1.0103253e-07	1.0279757e-06	0.00022512866	9.791602e-05	0.00093740167	0.000115176255	0.00014055775	0.00062476937	0.00095902034	0.0010013656	0.00043677533	0.000814767	0.0005056022	0.0037723035	0.15850885	0.63016003	0.16040514	0.04129341
a31	3.641902e-07	7.3799634e-07	7.4455485e-08	1.0246411e-07	8.339474e-07	2.9750174e-07	1.1895304e-06	3.376632e-07	4.3397188e-07	4.63252e-07	5.978261e-07	5.187365e-07	3.722604e-07	6.0985843e-07	4.035688e-07	7.6515056e-07	2.2382888e-05	0.05457936	0.78396535	0.1614248
a38	1.462051e-07	2.5458772e-07	6.495539e-08	7.150522e-07	0.00026624318	0.00013839577	0.0012772295	0.00013741034	0.00014043985	0.0007349738	0.0010061965	0.001117013	0.00041453668	0.00064258697	0.00037113976	0.0029610477	0.09908681	0.63016486	0.20768477	0.053855155
a8	7.385933e-08	1.6288206e-07	1.5938811e-08	2.2433937e-08	2.6235426e-07	1.1557174e-07	3.909488e-07	1.12942345e-07	1.2279374e-07	1.6405971e-07	1.8869673e-07	1.8310125e-07	1.1955979e-07	1.5989929e-07	1.0863548e-07	2.2935225e-07	8.848552e-06	0.035911378	0.7861698	0.17790748
a38	1.7935113e-08	4.3095962e-08	4.09304e-09	1.0444432e-08	1.6817472e-07	7.718185e-08	2.813111e-07	7.822313e-08	8.594015e-08	1.9948514e-07	2.3301412e-07	2.7144083e-07	1.6432189e-07	2.1505608e-07	1.577582e-07	4.59913e-07	3.1693547e-05	0.07711607	0.7674892	0.15536055
a31	9.621861e-08	2.3088825e-07	1.9457755e-08	5.417415e-08	6.41311e-07	2.3336116e-07	1.0360312e-06	2.6492555e-07	3.3470795e-07	8.9504005e-07	1.1212888e-06	1.3727592e-06	8.1470546e-07	1.2607387e-06	9.4260764e-07	3.196897e-06	0.00023458764	0.17476384	0.6932454	0.1317437
a24	3.264467e-07	6.0859867e-07	1.315434e-07	1.0896593e-06	0.00032244186	0.00012473554	0.001225223	0.00013499803	0.00014633453	0.0006289081	0.0008793018	0.0009273613	0.00036295527	0.0006127561	0.000342744	0.0023446628	0.08186011	0.6239595	0.22971235	0.05641355
a31	7.0818555e-07	1.5083024e-06	1.7302364e-07	5.4331e-07	2.8314445e-05	7.717578e-06	5.650473e-05	8.297183e-06	9.284582e-06	1.1991056e-05	1.5534535e-05	1.2962247e-05	6.709581e-06	1.2555056e-05	7.4015584e-06	2.8882949e-05	0.004110178	0.39590538	0.46516913	0.13460626
a13	6.746806e-07	1.327477e-06	3.1602832e-07	3.2977925e-06	0.0010773325	0.0004794349	0.0039982907	0.00048207302	0.00048391134	0.0020949845	0.0027468938	0.0029211573	0.0011311163	0.0017358443	0.0009702185	0.006187134	0.11992474	0.5415131	0.25094736	0.063300796
a39	4.4084516e-08	1.0521385e-07	1.0065513e-08	1.6277939e-08	3.571682e-07	1.6198041e-07	5.8547573e-07	1.3700009e-07	1.3309236e-07	2.1245151e-07	2.270938e-07	2.352669e-07	1.2993998e-07	1.6314267e-07	1.04619325e-07	2.8067572e-07	1.6264448e-05	0.0460703	0.77382964	0.18008098
a24	8.0616196e-08	1.8765881e-07	1.589284e-08	3.415543e-08	8.395195e-07	2.8702283e-07	1.4285774e-06	2.6849855e-07	2.9355405e-07	5.5781516e-07	6.476832e-07	7.031473e-07	3.612361e-07	5.4710586e-07	3.428089e-07	1.2117753e-06	0.00012923047	0.15935779	0.69603467	0.14447051
a31	5.2779574e-06	1.0878461e-05	1.0454986e-06	3.4187271e-06	0.00010177901	2.2463633e-05	0.00018461709	2.8980001e-05	3.717346e-05	4.287842e-05	6.0903654e-05	4.856399e-05	2.850555e-05	6.393218e-05	4.0014376e-05	0.00013995335	0.01443546	0.4715233	0.38620675	0.12701409
a20	1.6121925e-06	3.2391404e-06	7.0935425e-07	7.501028e-06	0.0024739387	0.000984446	0.008184536	0.001013679	0.0010269766	0.004357811	0.0056888442	0.006028571	0.0023724777	0.003713847	0.0020542669	0.012305036	0.18113716	0.4848715	0.22689745	0.05687644
a31	2.966288e-08	7.475675e-08	7.264087e-09	1.3855115e-08	3.906819e-07	2.0378165e-07	6.537788e-07	1.5544758e-07	1.3589512e-07	2.60082e-07	2.5747545e-07	2.896534e-07	1.5038762e-07	1.6740542e-07	1.1009038e-07	3.207226e-07	1.9241108e-05	0.0461291	0.76788044	0.185968
a46	4.949668e-07	1.011577e-06	2.5484442e-07	1.9068634e-06	0.00090252195	0.00036432702	0.0033250444	0.00031531934	0.00026596079	0.0012984273	0.0014695267	0.0017308833	0.0005278969	0.00069326244	0.0003414701	0.0021274195	0.037670735	0.46088624	0.38855565	0.099521734
a31	2.907176e-09	7.3366295e-09	8.0223134e-10	1.578995e-09	8.3269676e-08	5.422928e-08	1.6865849e-07	3.4536825e-08	2.5312008e-08	7.4919164e-08	6.6734835e-08	8.8389484e-08	3.7753576e-08	3.414045e-08	2.205089e-08	8.2627494e-08	8.176812e-06	0.030460907	0.7680603	0.20146972
a3	4.5809267e-07	9.604329e-07	2.2647797e-07	1.2310675e-06	0.00052214996	0.00018677032	0.0017456406	0.00015523909	0.00012696093	0.00061864255	0.0006547045	0.00082425517	0.0002273117	0.00028501666	0.00013492887	0.00082277355	0.017305734	0.4128478	0.4490941	0.114445075
a35	3.4692413e-09	8.720158e-09	8.4774365e-10	1.6282632e-09	1.0907159e-07	5.8031112e-08	2.2960461e-07	3.775364e-08	2.9205264e-08	8.9632536e-08	8.3739664e-08	1.1042931e-07	4.344373e-08	4.4320192e-08	2.6644038e-08	1.2158246e-07	1.8415341e-05	0.052538116	0.75525016	0.19219233
a37	5.4389373e-09	1.3774659e-08	1.4639343e-09	4.4064e-09	3.4927177e-07	1.79716e-07	7.170694e-07	1.1672125e-07	9.177848e-08	3.55369e-07	3.296599e-07	4.720737e-07	1.8129005e-07	1.9048144e-07	1.1917342e-07	6.2763365e-07	9.244368e-05	0.12025826	0.7221672	0.15747829
a31	2.6486044e-08	6.484983e-08	6.0866387e-09	1.746505e-08	1.0504009e-06	4.3846524e-07	1.9917943e-06	3.1410374e-07	2.739612e-07	9.775913e-07	9.590625e-07	1.3362267e-06	5.2915686e-07	6.344979e-07	3.94304e-07	2.0588086e-06	0.00028878165	0.21907943	0.6463445	0.13427624
a10	1.8833672e-06	4.0489103e-06	8.929342e-07	5.440543e-06	0.0025529524	0.00083004724	0.007347793	0.00071165676	0.0005883775	0.002811179	0.0030341472	0.0036760166	0.0011009922	0.0014176314	0.0006689995	0.0037732834	0.052315798	0.41703779	0.4032426	0.09887847
a31	7.945412e-09	2.029532e-08	2.1513287e-09	4.9629594e-09	4.288273e-07	2.589589e-07	8.8827625e-07	1.5275806e-07	1.075226e-07	3.780045e-07	3.272545e-07	4.5715564e-07	1.7317417e-07	1.5806984e-07	9.698001e-08	4.5176284e-07	4.763674e-05	0.06124611	0.7410547	0.19764772
a0	1.5951557e-06	3.445211e-06	7.634628e-07	3.5440466e-06	0.0013763428	0.00042582175	0.0037800283	0.0003457656	0.0002758937	0.0013874022	0.0013830342	0.0018523827	0.0004884604	0.0005860261	0.00026824514	0.0014821873	0.02197364	0.35156527	0.48821336	0.1245868
a31	1.7996639e-09	4.6561466e-09	5.5706234e-10	1.3628539e-09	1.5068336e-07	1.03766325e-07	3.392556e-07	5.5433894e-08	3.5304275e-08	1.5287117e-07	1.2425838e-07	1.8925849e-07	6.52027e-08	5.3060603e-08	3.265934e-08	1.7061754e-07	2.3791048e-05	0.044800147	0.7455902	0.2095844
a20	1.7032545e-06	3.7450397e-06	7.8308886e-07	3.1023408e-06	0.0010475476	0.00030896775	0.0027032802	0.00024818408	0.00019752476	0.00100731	0.0009728032	0.0013665671	0.00034614743	0.00040426996	0.00018421264	0.0010049831	0.015926467	0.3320921	0.5111675	0.13101281
a8	9.191543e-10	2.3389957e-09	3.2404796e-10	8.9718594e-10	1.189557e-07	9.19562e-08	2.8432436e-07	4.5871655e-08	2.7434872e-08	1.400195e-07	1.0873089e-07	1.76403e-07	5.7386995e-08	4.2907974e-08	2.674731e-08	1.4965175e-07	2.120746e-05	0.03866725	0.74743736	0.21387294
a38	3.9816775e-10	9.34375e-10	1.7968131e-10	7.133668e-10	1.2392077e-07	8.905587e-08	2.9279684e-07	4.5280007e-08	2.7240167e-08	1.8903447e-07	1.4712673e-07	2.6380494e-07	8.3193136e-08	6.3157835e-08	4.0373088e-08	2.5870247e-07	4.5502322e-05	0.07669751	0.7471635	0.17609191
a31	2.1067643e-09	5.0932893e-09	8.5759966e-10	4.000034e-09	5.06663e-07	2.788426e-07	1.0839778e-06	1.5890883e-07	1.10945024e-07	7.249352e-07	6.068081e-07	1.0755721e-06	3.4656287e-07	3.2155373e-07	2.0578102e-07	1.4240387e-06	0.00026080493	0.20567922	0.653661	0.1403921
a38	2.3271105e-06	5.1989796e-06	1.0094851e-06	4.076221e-06	0.0016105988	0.00046877892	0.0040905722	0.00037899657	0.00029867844	0.0015297703	0.0014980189	0.0020485579	0.00053686084	0.0006289674	0.00028856486	0.001641247	0.027971454	0.36812764	0.47122067	0.11764798
a31	1.2935506e-09	3.2503922e-09	5.0531973e-10	1.6613573e-09	2.0889705e-07	1.6236369e-07	4.7248434e-07	8.2781945e-08	4.996894e-08	2.47864e-07	1.9379367e-07	3.1053995e-07	1.0731043e-07	8.09847e-08	5.1941246e-08	2.7129337e-07	3.251146e-05	0.048366547	0.7425196	0.20907912
a37	1.9325362e-06	4.30685e-06	8.3410043e-07	2.8256973e-06	0.00087778794	0.00024988508	0.0021627052	0.00019690019	0.00015507736	0.0008208479	0.00076551066	0.0011344599	0.00027324076	0.0003090727	0.00014066797	0.00078745617	0.013949165	0.31624034	0.5257296	0.13619739
a27	1.3119122e-09	3.3671959e-09	4.3726006e-10	1.1234229e-09	1.7423612e-07	1.2905141e-07	4.2386586e-07	6.23749e-08	3.6500428e-08	1.9719734e-07	1.5109597e-07	2.5064887e-07	7.643557e-08	5.7067822e-08	3.4427117e-08	2.1032707e-07	3.3035085e-05	0.046938892	0.7321924	0.22083384
a31	1.1109577e-08	2.7082207e-08	2.9306524e-09	8.875168e-09	1.660179e-06	8.459067e-07	3.8233834e-06	4.5231297e-07	3.1122613e-07	1.7864485e-06	1.5027373e-06	2.4812648e-06	7.257572e-07	6.9380286e-07	3.9780883e-07	3.115161e-06	0.00053225935	0.20684926	0.6365656	0.15603505
a39	3.1706666e-06	7.0252463e-06	1.5061289e-06	6.577265e-06	0.0024730423	0.0007443287	0.0063194674	0.000596517	0.00046353103	0.0022462145	0.002174427	0.0029327078	0.0007688495	0.0008961577	0.0004086169	0.002160114	0.028872563	0.33539194	0.4847	0.12883325
a8	4.3623603e-09	1.1440469e-08	1.3369977e-09	3.6335603e-09	4.99107e-07	3.2584043e-07	1.1033075e-06	1.6859364e-07	1.06171896e-07	4.7154694e-07	3.7932415e-07	5.8054667e-07	1.9200199e-07	1.5985493e-07	9.619928e-08	5.505066e-07	7.2478906e-05	0.06966295	0.7189479	0.21131195
a20	2.0489355e-09	4.8954742e-09	8.443368e-10	3.4814698e-09	5.486484e-07	3.529419e-07	1.188518e-06	1.8571541e-07	1.1742115e-07	7.2911894e-07	5.785136e-07	9.994236e-07	3.255443e-07	2.663322e-07	1.6976216e-07	1.0601892e-06	0.00014998378	0.12662709	0.70587814	0.16733827
a31	5.585364e-09	1.3526827e-08	1.9608792e-09	8.368568e-09	1.0463395e-06	5.274749e-07	2.204982e-06	2.9777334e-07	2.1283661e-07	1.3672046e-06	1.1462697e-06	2.0327527e-06	6.284779e-07	6.1005966e-07	3.8025544e-07	2.8056695e-06	0.0005058863	0.26391917	0.60236555	0.13319613
a24	3.9577044e-06	8.831418e-06	1.771062e-06	7.585828e-06	0.0030510307	0.00087849284	0.0074842134	0.00070918736	0.0005544821	0.0027636124	0.0026985575	0.0036362668	0.0009690092	0.0011364287	0.0005176812	0.0027964516	0.03863552	0.36609685	0.45209986	0.11595025
a31	5.0446073e-07	1.1514429e-06	1.3394161e-07	4.4697347e-07	3.7040638e-05	1.0249622e-05	7.353867e-05	9.5341475e-06	9.619194e-06	1.5019115e-05	1.7819015e-05	1.6247468e-05	7.25411e-06	1.23699265e-05	6.836575e-06	3.096866e-05	0.0039852075	0.37704226	0.4934056	0.12531823
a24	5.9702606e-06	1.3842195e-05	2.8751651e-06	1.5509058e-05	0.0055333995	0.0017262767	0.013404071	0.0014582272	0.0011611484	0.004987355	0.005110905	0.0062604537	0.0019101992	0.0023084322	0.0010810973	0.0050016562	0.048719127	0.3622896	0.42583975	0.11317011
a31	4.081489e-07	9.4779347e-07	1.145187e-07	3.9910577e-07	3.950562e-05	1.1166443e-05	7.9818536e-05	1.013248e-05	9.997552e-06	1.6645743e-05	1.9448342e-05	1.8032943e-05	7.7505265e-06	1.284147e-05	7.0024375e-06	3.3323362e-05	0.0040578656	0.37058985	0.50022537	0.12485941
a33	6.380245e-06	1.4867385e-05	3.1519355e-06	1.7164592e-05	0.005952271	0.0018783674	0.01430331	0.0015784024	0.0012483933	0.005264707	0.005362176	0.006550843	0.002005912	0.002404881	0.0011255762	0.0050557377	0.046120375	0.34999692	0.43391627	0.117194325
a8	1.2501054e-09	3.0544671e-09	4.946203e-10	1.7275442e-09	3.257311e-07	2.6575637e-07	7.848169e-07	1.2503642e-07	7.088496e-08	4.071926e-07	3.039314e-07	5.100063e-07	1.5913562e-07	1.1270597e-07	7.079821e-08	4.3226376e-07	5.290981e-05	0.046287976	0.7383672	0.21528833
a23	1.416647e-09	3.3622802e-09	5.8781224e-10	2.4430078e-09	5.6475386e-07	3.8724048e-07	1.340832e-06	1.8552043e-07	1.1020377e-07	7.928855e-07	6.0278546e-07	1.0933328e-06	3.1721635e-07	2.4453414e-07	1.5073043e-07	1.1217675e-06	0.00017557749	0.10996818	0.7116673	0.17818202
a31	3.795908e-09	9.408108e-09	1.6864333e-09	8.52665e-09	1.2167521e-06	7.1739373e-07	2.5520897e-06	3.8173417e-07	2.5327736e-07	1.5695194e-06	1.260614e-06	2.196104e-06	7.0171563e-07	6.2100054e-07	3.970354e-07	2.6988725e-06	0.0003915134	0.20139419	0.64643294	0.15176682
a23	5.976886e-06	1.3202257e-05	2.7244917e-06	1.1297433e-05	0.0040144203	0.0010930724	0.00918236	0.0008840564	0.00070023775	0.0035871752	0.0034544969	0.0048154164	0.0012642249	0.0014755683	0.0006621573	0.0033354093	0.036349848	0.34925786	0.46058398	0.11930652
a31	1.5954549e-09	3.9726e-09	6.4249234e-10	2.2865565e-09	3.6569503e-07	2.9370133e-07	8.47522e-07	1.4215084e-07	8.2562664e-08	4.3343576e-07	3.2939008e-07	5.367086e-07	1.7658223e-07	1.2894034e-07	8.1918984e-08	4.641527e-07	5.3598997e-05	0.049818672	0.7329148	0.21720897
a20	4.990981e-06	1.1008588e-05	2.222101e-06	7.761992e-06	0.002188357	0.00057979	0.0048658666	0.00046497065	0.00037231596	0.0019674685	0.0018368141	0.002733711	0.00067656796	0.0007716553	0.00034526936	0.0017181191	0.019995382	0.31504697	0.51233745	0.13407333
a24	1.7027523e-09	4.3379083e-09	6.044336e-10	1.8088887e-09	3.188088e-07	2.45761e-07	7.708337e-07	1.16333425e-07	6.713115e-08	3.682441e-07	2.7871033e-07	4.6160108e-07	1.4133002e-07	1.03685224e-07	6.324456e-08	3.9281971e-07	5.121533e-05	0.047864076	0.7302989	0.22178249
a31	1.5518074e-06	3.6716658e-06	4.5541023e-07	1.9297015e-06	0.0001857955	4.6889512e-05	0.0003636591	4.5076697e-05	4.684817e-05	7.723184e-05	9.281708e-05	8.473954e-05	3.6749814e-05	6.663861e-05	3.6405414e-05	0.00017662435	0.015842473	0.4884987	0.39876026	0.09563152
a41	5.895492e-06	1.351408e-05	2.8394775e-06	1.5517553e-05	0.0057407105	0.0018260892	0.014255559	0.0015278099	0.0012049753	0.005197383	0.005302961	0.0064951396	0.0019585604	0.0023579563	0.0011029565	0.005188194	0.050906945	0.3572455	0.42450097	0.115150526
a20	8.386068e-09	2.1959064e-08	2.5359317e-09	7.2092488e-09	1.1438962e-06	7.411295e-07	2.5236097e-06	3.7615396e-07	2.3496925e-07	1.0518987e-06	8.378346e-07	1.2781704e-06	4.1275175e-07	3.4298267e-07	2.0412631e-07	1.2202856e-06	0.00013969353	0.080467775	0.7044156	0.21496648
a31	1.5954729e-08	3.9858286e-08	4.609762e-09	1.6247391e-08	2.4302017e-06	1.2414907e-06	5.1797797e-06	6.695718e-07	4.6863224e-07	2.4971384e-06	2.091268e-06	3.404828e-06	1.0487233e-06	1.0191881e-06	6.017753e-07	4.339469e-06	0.00059621717	0.2125044	0.6271448	0.15972956
a8	5.1662655e-06	1.1351697e-05	2.497216e-06	1.1538292e-05	0.0043959958	0.001293353	0.0107984375	0.0010391185	0.0008080189	0.00392266	0.0038032033	0.005100743	0.0013592164	0.0015916481	0.0007198725	0.0036323837	0.039126612	0.33798316	0.46018463	0.12421044
a20	1.4559876e-09	3.4992274e-09	5.437692e-10	1.723112e-09	2.8046918e-07	2.215423e-07	6.629395e-07	1.07387905e-07	6.22424e-08	3.5322802e-07	2.6792588e-07	4.4907625e-07	1.4390346e-07	1.0357971e-07	6.518433e-08	3.7619466e-07	4.5518565e-05	0.048476912	0.74066937	0.21080512
a31	3.4798624e-09	8.4770955e-09	1.198354e-09	4.7501887e-09	9.3203073e-07	5.3272447e-07	2.1617254e-06	2.6729754e-07	1.7357688e-07	1.1880848e-06	9.500754e-07	1.7032817e-06	4.84113e-07	4.2833219e-07	2.5493063e-07	2.0650475e-06	0.00036530627	0.18339457	0.6533885	0.16284046
a20	3.661469e-06	8.136124e-06	1.7139206e-06	7.1170916e-06	0.0025842376	0.0007574754	0.006404876	0.0006051302	0.00046998324	0.0023071694	0.0022088203	0.003034058	0.0007845416	0.0009064985	0.00041171125	0.0021622467	0.028639624	0.3329791	0.48641416	0.12930976
a31	1.9813322e-09	5.056441e-09	7.25561e-10	2.282584e-09	3.463172e-07	2.6169332e-07	7.992327e-07	1.2814922e-07	7.581505e-08	3.9031477e-07	3.0058789e-07	4.874563e-07	1.5809941e-07	1.192695e-07	7.407053e-08	4.2589863e-07	5.267343e-05	0.0542366	0.7284806	0.21722665
a8	3.2082123e-06	7.1456902e-06	1.4359088e-06	4.989971e-06	0.0014664591	0.00040788684	0.0034541916	0.00032363395	0.00025540305	0.0013200468	0.0012272781	0.0018113208	0.0004421801	0.00050096255	0.0002264327	0.0011849769	0.01688224	0.3087854	0.52328	0.13841479
a31	3.3414696e-10	7.876429e-10	1.3616719e-10	4.1058312e-10	6.727084e-08	5.8309176e-08	1.7295909e-07	2.7038611e-08	1.4941199e-08	9.849819e-08	7.224462e-08	1.2965099e-07	3.8867263e-08	2.591618e-08	1.6390553e-08	9.919236e-08	1.5644562e-05	0.033412363	0.752022	0.21454908
</S>	1.5871292e-06	3.595402e-06	6.389275e-07	1.8084526e-06	0.00048015246	0.0001353961	0.0011448285	0.000104330655	8.169943e-05	0.0004495361	0.0004023406	0.0006385581	0.00014482363	0.00015755818	7.238603e-05	0.00041868718	0.008938619	0.29346627	0.5489604	0.14439681
